,Unnamed: 0,word,onset,duration,trial_type,is_first_word,sequence_id
0,0,Le,0.7,0.3,"{'kind': 'word', 'word': 'Le'}",True,0
1,1,cinquième,1.0499999999999998,0.3,"{'kind': 'word', 'word': 'cinquième'}",False,0
2,2,jour,1.3999999999999997,0.3,"{'kind': 'word', 'word': 'jour'}",False,0
3,3,toujours,1.7499999999999996,0.3,"{'kind': 'word', 'word': 'toujours'}",False,0
4,4,grâce,2.1,0.3,"{'kind': 'word', 'word': 'grâce'}",False,0
5,5,au,2.45,0.3,"{'kind': 'word', 'word': 'au'}",False,0
6,6,mouton,2.799999999999999,0.3,"{'kind': 'word', 'word': 'mouton'}",False,0
7,7,ce,3.1499999999999995,0.3,"{'kind': 'word', 'word': 'ce'}",False,0
8,8,secret,3.499999999999999,0.3,"{'kind': 'word', 'word': 'secret'}",False,0
9,9,de,3.849999999999999,0.3,"{'kind': 'word', 'word': 'de'}",False,0
10,10,la,4.199999999999998,0.3,"{'kind': 'word', 'word': 'la'}",False,0
11,11,vie,4.549999999999999,0.3,"{'kind': 'word', 'word': 'vie'}",False,0
12,12,du,4.899999999999999,0.3,"{'kind': 'word', 'word': 'du'}",False,0
13,13,petit,5.249999999999998,0.3,"{'kind': 'word', 'word': 'petit'}",False,0
14,14,prince,5.599999999999999,0.3,"{'kind': 'word', 'word': 'prince'}",False,0
15,15,me,5.949999999999998,0.3,"{'kind': 'word', 'word': 'me'}",False,0
16,16,fut,6.299999999999998,0.3,"{'kind': 'word', 'word': 'fut'}",False,0
17,17,révélé,6.649999999999998,0.3,"{'kind': 'word', 'word': 'révélé'}",False,0
18,18,Il,6.999999999999997,0.3,"{'kind': 'word', 'word': 'Il'}",True,1
19,19,me,7.349999999999998,0.3,"{'kind': 'word', 'word': 'me'}",False,1
20,20,demanda,7.699999999999997,0.3,"{'kind': 'word', 'word': 'demanda'}",False,1
21,21,avec,8.049999999999997,0.3,"{'kind': 'word', 'word': 'avec'}",False,1
22,22,brusquerie,8.399999999999997,0.3,"{'kind': 'word', 'word': 'brusquerie'}",False,1
23,23,sans,8.749999999999996,0.3,"{'kind': 'word', 'word': 'sans'}",False,1
24,24,préambule,9.099999999999996,0.3,"{'kind': 'word', 'word': 'préambule'}",False,1
25,25,comme,9.449999999999996,0.3,"{'kind': 'word', 'word': 'comme'}",False,1
26,26,le,9.799999999999995,0.3,"{'kind': 'word', 'word': 'le'}",False,1
27,27,fruit,10.149999999999997,0.3,"{'kind': 'word', 'word': 'fruit'}",False,1
28,28,dun,10.499999999999996,0.3,"{'kind': 'word', 'word': 'dun'}",False,1
29,29,problème,10.849999999999996,0.3,"{'kind': 'word', 'word': 'problème'}",False,1
30,30,longtemps,11.199999999999996,0.3,"{'kind': 'word', 'word': 'longtemps'}",False,1
31,31,médité,11.549999999999995,0.3,"{'kind': 'word', 'word': 'médité'}",False,1
32,32,en,11.899999999999997,0.3,"{'kind': 'word', 'word': 'en'}",False,1
33,33,silence,12.249999999999996,0.3,"{'kind': 'word', 'word': 'silence'}",False,1
34,34,un,12.599999999999994,0.3,"{'kind': 'word', 'word': 'un'}",False,1
35,35,mouton,12.949999999999994,0.3,"{'kind': 'word', 'word': 'mouton'}",False,1
36,36,sil,13.299999999999994,0.3,"{'kind': 'word', 'word': 'sil'}",False,1
37,37,mange,13.649999999999997,0.3,"{'kind': 'word', 'word': 'mange'}",False,1
38,38,les,13.999999999999996,0.3,"{'kind': 'word', 'word': 'les'}",False,1
39,39,arbustes,14.349999999999994,0.3,"{'kind': 'word', 'word': 'arbustes'}",False,1
40,40,il,14.699999999999994,0.3,"{'kind': 'word', 'word': 'il'}",False,1
41,41,mange,15.049999999999994,0.3,"{'kind': 'word', 'word': 'mange'}",False,1
42,42,aussi,15.399999999999991,0.3,"{'kind': 'word', 'word': 'aussi'}",False,1
43,43,les,15.749999999999991,0.3,"{'kind': 'word', 'word': 'les'}",False,1
44,44,fleurs,16.099999999999994,0.3,"{'kind': 'word', 'word': 'fleurs'}",False,1
45,45,un,16.449999999999996,0.3,"{'kind': 'word', 'word': 'un'}",False,1
46,46,mouton,16.799999999999994,0.3,"{'kind': 'word', 'word': 'mouton'}",False,1
47,47,mange,17.14999999999999,0.3,"{'kind': 'word', 'word': 'mange'}",False,1
48,48,tout,17.499999999999993,0.3,"{'kind': 'word', 'word': 'tout'}",False,1
49,49,ce,17.849999999999994,0.3,"{'kind': 'word', 'word': 'ce'}",False,1
50,50,quil,18.199999999999992,0.3,"{'kind': 'word', 'word': 'quil'}",False,1
51,51,rencontre,18.55,0.3,"{'kind': 'word', 'word': 'rencontre'}",False,1
52,52,même,18.89999999999999,0.3,"{'kind': 'word', 'word': 'même'}",False,1
53,53,les,19.25,0.3,"{'kind': 'word', 'word': 'les'}",False,1
54,54,fleurs,19.59999999999999,0.3,"{'kind': 'word', 'word': 'fleurs'}",False,1
55,55,qui,19.949999999999992,0.3,"{'kind': 'word', 'word': 'qui'}",False,1
56,56,ont,20.3,0.3,"{'kind': 'word', 'word': 'ont'}",False,1
57,57,des,20.64999999999999,0.3,"{'kind': 'word', 'word': 'des'}",False,1
58,58,épines,21.0,0.3,"{'kind': 'word', 'word': 'épines'}",False,1
59,59,oui,21.34999999999999,0.3,"{'kind': 'word', 'word': 'oui'}",False,1
60,60,Même,21.699999999999992,0.3,"{'kind': 'word', 'word': 'Même'}",True,2
61,61,les,22.04999999999999,0.3,"{'kind': 'word', 'word': 'les'}",False,2
62,62,fleurs,22.39999999999999,0.3,"{'kind': 'word', 'word': 'fleurs'}",False,2
63,63,qui,22.74999999999999,0.3,"{'kind': 'word', 'word': 'qui'}",False,2
64,64,ont,23.09999999999999,0.3,"{'kind': 'word', 'word': 'ont'}",False,2
65,65,des,23.449999999999992,0.3,"{'kind': 'word', 'word': 'des'}",False,2
66,66,épines,23.79999999999999,0.3,"{'kind': 'word', 'word': 'épines'}",False,2
67,67,alors,24.14999999999999,0.3,"{'kind': 'word', 'word': 'alors'}",False,2
68,68,les,24.49999999999999,0.3,"{'kind': 'word', 'word': 'les'}",False,2
69,69,épines,24.84999999999999,0.3,"{'kind': 'word', 'word': 'épines'}",False,2
70,70,à,25.19999999999999,0.3,"{'kind': 'word', 'word': 'à'}",False,2
71,71,quoi,25.54999999999999,0.3,"{'kind': 'word', 'word': 'quoi'}",False,2
72,72,serventelles,25.899999999999988,0.3,"{'kind': 'word', 'word': 'serventelles'}",False,2
73,73,Je,26.24999999999999,0.3,"{'kind': 'word', 'word': 'Je'}",True,3
74,74,ne,26.59999999999999,0.3,"{'kind': 'word', 'word': 'ne'}",False,3
75,75,le,26.94999999999999,0.3,"{'kind': 'word', 'word': 'le'}",False,3
76,76,savais,27.29999999999999,0.3,"{'kind': 'word', 'word': 'savais'}",False,3
77,77,pas,27.649999999999988,0.3,"{'kind': 'word', 'word': 'pas'}",False,3
78,78,Jétais,27.99999999999999,0.3,"{'kind': 'word', 'word': 'Jétais'}",True,4
79,79,alors,28.349999999999987,0.3,"{'kind': 'word', 'word': 'alors'}",False,4
80,80,très,28.69999999999999,0.3,"{'kind': 'word', 'word': 'très'}",False,4
81,81,occupé,29.04999999999999,0.3,"{'kind': 'word', 'word': 'occupé'}",False,4
82,82,à,29.399999999999988,0.3,"{'kind': 'word', 'word': 'à'}",False,4
83,83,essayer,29.74999999999999,0.3,"{'kind': 'word', 'word': 'essayer'}",False,4
84,84,de,30.099999999999987,0.3,"{'kind': 'word', 'word': 'de'}",False,4
85,85,dévisser,30.44999999999999,0.3,"{'kind': 'word', 'word': 'dévisser'}",False,4
86,86,un,30.799999999999983,0.3,"{'kind': 'word', 'word': 'un'}",False,4
87,87,boulon,31.149999999999988,0.3,"{'kind': 'word', 'word': 'boulon'}",False,4
88,88,trop,31.49999999999999,0.3,"{'kind': 'word', 'word': 'trop'}",False,4
89,89,serré,31.849999999999987,0.3,"{'kind': 'word', 'word': 'serré'}",False,4
90,90,de,32.19999999999999,0.3,"{'kind': 'word', 'word': 'de'}",False,4
91,91,mon,32.54999999999999,0.3,"{'kind': 'word', 'word': 'mon'}",False,4
92,92,moteur,32.89999999999999,0.3,"{'kind': 'word', 'word': 'moteur'}",False,4
93,93,Jétais,33.24999999999999,0.3,"{'kind': 'word', 'word': 'Jétais'}",True,5
94,94,très,33.59999999999999,0.3,"{'kind': 'word', 'word': 'très'}",False,5
95,95,soucieux,33.94999999999999,0.3,"{'kind': 'word', 'word': 'soucieux'}",False,5
96,96,car,34.29999999999999,0.3,"{'kind': 'word', 'word': 'car'}",False,5
97,97,ma,34.64999999999999,0.3,"{'kind': 'word', 'word': 'ma'}",False,5
98,98,panne,34.99999999999999,0.3,"{'kind': 'word', 'word': 'panne'}",False,5
99,99,commençait,35.34999999999999,0.3,"{'kind': 'word', 'word': 'commençait'}",False,5
100,100,de,35.69999999999999,0.3,"{'kind': 'word', 'word': 'de'}",False,5
101,101,mapparaître,36.04999999999999,0.3,"{'kind': 'word', 'word': 'mapparaître'}",False,5
102,102,comme,36.39999999999999,0.3,"{'kind': 'word', 'word': 'comme'}",False,5
103,103,très,36.74999999999999,0.3,"{'kind': 'word', 'word': 'très'}",False,5
104,104,grave,37.09999999999999,0.3,"{'kind': 'word', 'word': 'grave'}",False,5
105,105,et,37.44999999999999,0.3,"{'kind': 'word', 'word': 'et'}",False,5
106,106,leau,37.79999999999999,0.3,"{'kind': 'word', 'word': 'leau'}",False,5
107,107,à,38.14999999999999,0.3,"{'kind': 'word', 'word': 'à'}",False,5
108,108,boire,38.49999999999999,0.3,"{'kind': 'word', 'word': 'boire'}",False,5
109,109,qui,38.84999999999999,0.3,"{'kind': 'word', 'word': 'qui'}",False,5
110,110,sépuisait,39.19999999999999,0.3,"{'kind': 'word', 'word': 'sépuisait'}",False,5
111,111,me,39.54999999999999,0.3,"{'kind': 'word', 'word': 'me'}",False,5
112,112,faisait,39.89999999999999,0.3,"{'kind': 'word', 'word': 'faisait'}",False,5
113,113,craindre,40.24999999999999,0.3,"{'kind': 'word', 'word': 'craindre'}",False,5
114,114,le,40.59999999999999,0.3,"{'kind': 'word', 'word': 'le'}",False,5
115,115,pire,40.94999999999999,0.3,"{'kind': 'word', 'word': 'pire'}",False,5
116,116,les,41.29999999999999,0.3,"{'kind': 'word', 'word': 'les'}",False,5
117,117,épines,41.649999999999984,0.3,"{'kind': 'word', 'word': 'épines'}",False,5
118,118,à,41.99999999999999,0.3,"{'kind': 'word', 'word': 'à'}",False,5
119,119,quoi,42.34999999999999,0.3,"{'kind': 'word', 'word': 'quoi'}",False,5
120,120,serventelles,42.69999999999999,0.3,"{'kind': 'word', 'word': 'serventelles'}",False,5
121,121,Le,43.04999999999999,0.3,"{'kind': 'word', 'word': 'Le'}",True,6
122,122,petit,43.399999999999984,0.3,"{'kind': 'word', 'word': 'petit'}",False,6
123,123,prince,43.74999999999999,0.3,"{'kind': 'word', 'word': 'prince'}",False,6
124,124,ne,44.09999999999999,0.3,"{'kind': 'word', 'word': 'ne'}",False,6
125,125,renonçait,44.44999999999999,0.3,"{'kind': 'word', 'word': 'renonçait'}",False,6
126,126,jamais,44.79999999999998,0.3,"{'kind': 'word', 'word': 'jamais'}",False,6
127,127,à,45.149999999999984,0.3,"{'kind': 'word', 'word': 'à'}",False,6
128,128,une,45.49999999999999,0.3,"{'kind': 'word', 'word': 'une'}",False,6
129,129,question,45.84999999999999,0.3,"{'kind': 'word', 'word': 'question'}",False,6
130,130,une,46.19999999999999,0.3,"{'kind': 'word', 'word': 'une'}",False,6
131,131,fois,46.54999999999998,0.3,"{'kind': 'word', 'word': 'fois'}",False,6
132,132,quil,46.899999999999984,0.3,"{'kind': 'word', 'word': 'quil'}",False,6
133,133,lavait,47.24999999999999,0.3,"{'kind': 'word', 'word': 'lavait'}",False,6
134,134,posée,47.59999999999999,0.3,"{'kind': 'word', 'word': 'posée'}",False,6
135,135,Jétais,47.94999999999998,0.3,"{'kind': 'word', 'word': 'Jétais'}",True,7
136,136,irrité,48.29999999999998,0.3,"{'kind': 'word', 'word': 'irrité'}",False,7
137,137,par,48.649999999999984,0.3,"{'kind': 'word', 'word': 'par'}",False,7
138,138,mon,48.99999999999999,0.3,"{'kind': 'word', 'word': 'mon'}",False,7
139,139,boulon,49.34999999999999,0.3,"{'kind': 'word', 'word': 'boulon'}",False,7
140,140,et,49.69999999999998,0.3,"{'kind': 'word', 'word': 'et'}",False,7
141,141,je,50.04999999999998,0.3,"{'kind': 'word', 'word': 'je'}",False,7
142,142,répondis,50.399999999999984,0.3,"{'kind': 'word', 'word': 'répondis'}",False,7
143,143,nimporte,50.74999999999999,0.3,"{'kind': 'word', 'word': 'nimporte'}",False,7
144,144,quoi,51.09999999999998,0.3,"{'kind': 'word', 'word': 'quoi'}",False,7
145,145,les,51.44999999999998,0.3,"{'kind': 'word', 'word': 'les'}",False,7
146,146,épines,51.79999999999998,0.3,"{'kind': 'word', 'word': 'épines'}",False,7
147,147,ça,52.149999999999984,0.3,"{'kind': 'word', 'word': 'ça'}",False,7
148,148,ne,52.49999999999999,0.3,"{'kind': 'word', 'word': 'ne'}",False,7
149,149,sert,52.84999999999998,0.3,"{'kind': 'word', 'word': 'sert'}",False,7
150,150,à,53.19999999999998,0.3,"{'kind': 'word', 'word': 'à'}",False,7
151,151,rien,53.54999999999998,0.3,"{'kind': 'word', 'word': 'rien'}",False,7
152,152,cest,53.899999999999984,0.3,"{'kind': 'word', 'word': 'cest'}",False,7
153,153,de,54.24999999999999,0.3,"{'kind': 'word', 'word': 'de'}",False,7
154,154,la,54.59999999999998,0.3,"{'kind': 'word', 'word': 'la'}",False,7
155,155,pure,54.94999999999998,0.3,"{'kind': 'word', 'word': 'pure'}",False,7
156,156,méchanceté,55.29999999999998,0.3,"{'kind': 'word', 'word': 'méchanceté'}",False,7
157,157,de,55.649999999999984,0.3,"{'kind': 'word', 'word': 'de'}",False,7
158,158,la,55.99999999999998,0.3,"{'kind': 'word', 'word': 'la'}",False,7
159,159,part,56.34999999999998,0.3,"{'kind': 'word', 'word': 'part'}",False,7
160,160,des,56.69999999999998,0.3,"{'kind': 'word', 'word': 'des'}",False,7
161,161,fleurs,57.04999999999998,0.3,"{'kind': 'word', 'word': 'fleurs'}",False,7
162,162,oh,57.399999999999984,0.3,"{'kind': 'word', 'word': 'oh'}",False,7
163,163,Mais,57.74999999999998,0.3,"{'kind': 'word', 'word': 'Mais'}",True,8
164,164,après,58.09999999999998,0.3,"{'kind': 'word', 'word': 'après'}",False,8
165,165,un,58.44999999999998,0.3,"{'kind': 'word', 'word': 'un'}",False,8
166,166,silence,58.79999999999998,0.3,"{'kind': 'word', 'word': 'silence'}",False,8
167,167,il,59.14999999999998,0.3,"{'kind': 'word', 'word': 'il'}",False,8
168,168,me,59.49999999999998,0.3,"{'kind': 'word', 'word': 'me'}",False,8
169,169,lança,59.84999999999998,0.3,"{'kind': 'word', 'word': 'lança'}",False,8
170,170,avec,60.19999999999998,0.3,"{'kind': 'word', 'word': 'avec'}",False,8
171,171,une,60.54999999999998,0.3,"{'kind': 'word', 'word': 'une'}",False,8
172,172,sorte,60.89999999999998,0.3,"{'kind': 'word', 'word': 'sorte'}",False,8
173,173,de,61.24999999999998,0.3,"{'kind': 'word', 'word': 'de'}",False,8
174,174,rancune,61.59999999999998,0.3,"{'kind': 'word', 'word': 'rancune'}",False,8
175,175,je,61.94999999999998,0.3,"{'kind': 'word', 'word': 'je'}",False,8
176,176,ne,62.29999999999998,0.3,"{'kind': 'word', 'word': 'ne'}",False,8
177,177,te,62.64999999999998,0.3,"{'kind': 'word', 'word': 'te'}",False,8
178,178,crois,62.99999999999998,0.3,"{'kind': 'word', 'word': 'crois'}",False,8
179,179,pas,63.34999999999998,0.3,"{'kind': 'word', 'word': 'pas'}",False,8
180,180,Les,63.69999999999998,0.3,"{'kind': 'word', 'word': 'Les'}",True,9
181,181,fleurs,64.04999999999997,0.3,"{'kind': 'word', 'word': 'fleurs'}",False,9
182,182,sont,64.39999999999998,0.3,"{'kind': 'word', 'word': 'sont'}",False,9
183,183,faibles,64.74999999999997,0.3,"{'kind': 'word', 'word': 'faibles'}",False,9
184,184,Elles,65.09999999999998,0.3,"{'kind': 'word', 'word': 'Elles'}",True,10
185,185,sont,65.44999999999997,0.3,"{'kind': 'word', 'word': 'sont'}",False,10
186,186,naïves,65.79999999999998,0.3,"{'kind': 'word', 'word': 'naïves'}",False,10
187,187,Elles,66.14999999999998,0.3,"{'kind': 'word', 'word': 'Elles'}",True,11
188,188,se,66.49999999999997,0.3,"{'kind': 'word', 'word': 'se'}",False,11
189,189,rassurent,66.84999999999998,0.3,"{'kind': 'word', 'word': 'rassurent'}",False,11
190,190,comme,67.19999999999997,0.3,"{'kind': 'word', 'word': 'comme'}",False,11
191,191,elles,67.54999999999998,0.3,"{'kind': 'word', 'word': 'elles'}",False,11
192,192,peuvent,67.89999999999998,0.3,"{'kind': 'word', 'word': 'peuvent'}",False,11
193,193,Elles,68.24999999999997,0.3,"{'kind': 'word', 'word': 'Elles'}",True,12
194,194,se,68.59999999999998,0.3,"{'kind': 'word', 'word': 'se'}",False,12
195,195,croient,68.94999999999997,0.3,"{'kind': 'word', 'word': 'croient'}",False,12
196,196,terribles,69.29999999999998,0.3,"{'kind': 'word', 'word': 'terribles'}",False,12
197,197,avec,69.64999999999998,0.3,"{'kind': 'word', 'word': 'avec'}",False,12
198,198,leurs,69.99999999999997,0.3,"{'kind': 'word', 'word': 'leurs'}",False,12
199,199,épines,70.34999999999998,0.3,"{'kind': 'word', 'word': 'épines'}",False,12
200,200,Je,70.69999999999997,0.3,"{'kind': 'word', 'word': 'Je'}",True,13
201,201,ne,71.04999999999998,0.3,"{'kind': 'word', 'word': 'ne'}",False,13
202,202,répondis,71.39999999999998,0.3,"{'kind': 'word', 'word': 'répondis'}",False,13
203,203,rien,71.74999999999997,0.3,"{'kind': 'word', 'word': 'rien'}",False,13
204,204,À,72.09999999999998,0.3,"{'kind': 'word', 'word': 'À'}",True,14
205,205,cet,72.44999999999997,0.3,"{'kind': 'word', 'word': 'cet'}",False,14
206,206,instantlà,72.79999999999997,0.3,"{'kind': 'word', 'word': 'instantlà'}",False,14
207,207,je,73.14999999999998,0.3,"{'kind': 'word', 'word': 'je'}",False,14
208,208,me,73.49999999999997,0.3,"{'kind': 'word', 'word': 'me'}",False,14
209,209,disais,73.84999999999998,0.3,"{'kind': 'word', 'word': 'disais'}",False,14
210,210,si,74.19999999999997,0.3,"{'kind': 'word', 'word': 'si'}",False,14
211,211,ce,74.54999999999997,0.3,"{'kind': 'word', 'word': 'ce'}",False,14
212,212,boulon,74.89999999999998,0.3,"{'kind': 'word', 'word': 'boulon'}",False,14
213,213,résiste,75.24999999999997,0.3,"{'kind': 'word', 'word': 'résiste'}",False,14
214,214,encore,75.59999999999998,0.3,"{'kind': 'word', 'word': 'encore'}",False,14
215,215,je,75.94999999999997,0.3,"{'kind': 'word', 'word': 'je'}",False,14
216,216,le,76.29999999999997,0.3,"{'kind': 'word', 'word': 'le'}",False,14
217,217,ferai,76.64999999999998,0.3,"{'kind': 'word', 'word': 'ferai'}",False,14
218,218,sauter,76.99999999999997,0.3,"{'kind': 'word', 'word': 'sauter'}",False,14
219,219,dun,77.34999999999998,0.3,"{'kind': 'word', 'word': 'dun'}",False,14
220,220,coup,77.69999999999997,0.3,"{'kind': 'word', 'word': 'coup'}",False,14
221,221,de,78.04999999999997,0.3,"{'kind': 'word', 'word': 'de'}",False,14
222,222,marteau,78.39999999999998,0.3,"{'kind': 'word', 'word': 'marteau'}",False,14
223,223,Le,78.74999999999997,0.3,"{'kind': 'word', 'word': 'Le'}",True,15
224,224,petit,79.09999999999998,0.3,"{'kind': 'word', 'word': 'petit'}",False,15
225,225,prince,79.44999999999997,0.3,"{'kind': 'word', 'word': 'prince'}",False,15
226,226,dérangea,79.79999999999997,0.3,"{'kind': 'word', 'word': 'dérangea'}",False,15
227,227,de,80.14999999999998,0.3,"{'kind': 'word', 'word': 'de'}",False,15
228,228,nouveau,80.49999999999997,0.3,"{'kind': 'word', 'word': 'nouveau'}",False,15
229,229,mes,80.84999999999997,0.3,"{'kind': 'word', 'word': 'mes'}",False,15
230,230,réflexions,81.19999999999997,0.3,"{'kind': 'word', 'word': 'réflexions'}",False,15
231,231,et,81.54999999999997,0.3,"{'kind': 'word', 'word': 'et'}",False,15
232,232,tu,81.89999999999998,0.3,"{'kind': 'word', 'word': 'tu'}",False,15
233,233,crois,82.24999999999997,0.3,"{'kind': 'word', 'word': 'crois'}",False,15
234,234,toi,82.59999999999997,0.3,"{'kind': 'word', 'word': 'toi'}",False,15
235,235,que,82.94999999999997,0.3,"{'kind': 'word', 'word': 'que'}",False,15
236,236,les,83.29999999999997,0.3,"{'kind': 'word', 'word': 'les'}",False,15
237,237,fleurs,83.64999999999998,0.3,"{'kind': 'word', 'word': 'fleurs'}",False,15
238,238,mais,83.99999999999997,0.3,"{'kind': 'word', 'word': 'mais'}",False,15
239,239,non,84.34999999999997,0.3,"{'kind': 'word', 'word': 'non'}",False,15
240,240,Mais,84.69999999999997,0.3,"{'kind': 'word', 'word': 'Mais'}",True,16
241,241,non,85.04999999999997,0.3,"{'kind': 'word', 'word': 'non'}",False,16
242,242,Je,85.39999999999998,0.3,"{'kind': 'word', 'word': 'Je'}",True,17
243,243,ne,85.74999999999997,0.3,"{'kind': 'word', 'word': 'ne'}",False,17
244,244,crois,86.09999999999997,0.3,"{'kind': 'word', 'word': 'crois'}",False,17
245,245,rien,86.44999999999997,0.3,"{'kind': 'word', 'word': 'rien'}",False,17
246,246,Jai,86.79999999999997,0.3,"{'kind': 'word', 'word': 'Jai'}",True,18
247,247,répondu,87.14999999999996,0.3,"{'kind': 'word', 'word': 'répondu'}",False,18
248,248,nimporte,87.49999999999997,0.3,"{'kind': 'word', 'word': 'nimporte'}",False,18
249,249,quoi,87.84999999999997,0.3,"{'kind': 'word', 'word': 'quoi'}",False,18
250,250,Je,88.19999999999997,0.3,"{'kind': 'word', 'word': 'Je'}",True,19
251,251,moccupe,88.54999999999997,0.3,"{'kind': 'word', 'word': 'moccupe'}",False,19
252,252,moi,88.89999999999996,0.3,"{'kind': 'word', 'word': 'moi'}",False,19
253,253,de,89.24999999999997,0.3,"{'kind': 'word', 'word': 'de'}",False,19
254,254,choses,89.59999999999997,0.3,"{'kind': 'word', 'word': 'choses'}",False,19
255,255,sérieuses,89.94999999999997,0.3,"{'kind': 'word', 'word': 'sérieuses'}",False,19
256,256,Il,90.29999999999995,0.3,"{'kind': 'word', 'word': 'Il'}",True,20
257,257,me,90.64999999999996,0.3,"{'kind': 'word', 'word': 'me'}",False,20
258,258,regarda,90.99999999999996,0.3,"{'kind': 'word', 'word': 'regarda'}",False,20
259,259,stupéfait,91.34999999999997,0.3,"{'kind': 'word', 'word': 'stupéfait'}",False,20
260,260,de,91.69999999999996,0.3,"{'kind': 'word', 'word': 'de'}",False,20
261,261,choses,92.04999999999995,0.3,"{'kind': 'word', 'word': 'choses'}",False,20
262,262,sérieuses,92.39999999999996,0.3,"{'kind': 'word', 'word': 'sérieuses'}",False,20
263,263,Il,92.74999999999996,0.3,"{'kind': 'word', 'word': 'Il'}",True,21
264,264,me,93.09999999999997,0.3,"{'kind': 'word', 'word': 'me'}",False,21
265,265,voyait,93.44999999999996,0.3,"{'kind': 'word', 'word': 'voyait'}",False,21
266,266,mon,93.79999999999995,0.3,"{'kind': 'word', 'word': 'mon'}",False,21
267,267,marteau,94.14999999999996,0.3,"{'kind': 'word', 'word': 'marteau'}",False,21
268,268,à,94.49999999999996,0.3,"{'kind': 'word', 'word': 'à'}",False,21
269,269,la,94.84999999999997,0.3,"{'kind': 'word', 'word': 'la'}",False,21
270,270,main,95.19999999999996,0.3,"{'kind': 'word', 'word': 'main'}",False,21
271,271,et,95.54999999999995,0.3,"{'kind': 'word', 'word': 'et'}",False,21
272,272,les,95.89999999999996,0.3,"{'kind': 'word', 'word': 'les'}",False,21
273,273,doigts,96.24999999999996,0.3,"{'kind': 'word', 'word': 'doigts'}",False,21
274,274,noirs,96.59999999999997,0.3,"{'kind': 'word', 'word': 'noirs'}",False,21
275,275,de,96.94999999999996,0.3,"{'kind': 'word', 'word': 'de'}",False,21
276,276,cambouis,97.29999999999995,0.3,"{'kind': 'word', 'word': 'cambouis'}",False,21
277,277,penché,97.64999999999996,0.3,"{'kind': 'word', 'word': 'penché'}",False,21
278,278,sur,97.99999999999996,0.3,"{'kind': 'word', 'word': 'sur'}",False,21
279,279,un,98.34999999999997,0.3,"{'kind': 'word', 'word': 'un'}",False,21
280,280,objet,98.69999999999996,0.3,"{'kind': 'word', 'word': 'objet'}",False,21
281,281,qui,99.04999999999995,0.3,"{'kind': 'word', 'word': 'qui'}",False,21
282,282,lui,99.39999999999996,0.3,"{'kind': 'word', 'word': 'lui'}",False,21
283,283,semblait,99.74999999999996,0.3,"{'kind': 'word', 'word': 'semblait'}",False,21
284,284,très,100.09999999999997,0.3,"{'kind': 'word', 'word': 'très'}",False,21
285,285,laid,100.44999999999996,0.3,"{'kind': 'word', 'word': 'laid'}",False,21
286,286,tu,100.79999999999995,0.3,"{'kind': 'word', 'word': 'tu'}",False,21
287,287,parles,101.14999999999996,0.3,"{'kind': 'word', 'word': 'parles'}",False,21
288,288,comme,101.49999999999996,0.3,"{'kind': 'word', 'word': 'comme'}",False,21
289,289,les,101.84999999999997,0.3,"{'kind': 'word', 'word': 'les'}",False,21
290,290,grandes,102.19999999999996,0.3,"{'kind': 'word', 'word': 'grandes'}",False,21
291,291,personnes,102.54999999999995,0.3,"{'kind': 'word', 'word': 'personnes'}",False,21
292,292,Ça,102.89999999999996,0.3,"{'kind': 'word', 'word': 'Ça'}",True,22
293,293,me,103.24999999999996,0.3,"{'kind': 'word', 'word': 'me'}",False,22
294,294,fit,103.59999999999997,0.3,"{'kind': 'word', 'word': 'fit'}",False,22
295,295,un,103.94999999999996,0.3,"{'kind': 'word', 'word': 'un'}",False,22
296,296,peu,104.29999999999995,0.3,"{'kind': 'word', 'word': 'peu'}",False,22
297,297,honte,104.64999999999996,0.3,"{'kind': 'word', 'word': 'honte'}",False,22
298,298,Mais,104.99999999999996,0.3,"{'kind': 'word', 'word': 'Mais'}",True,23
299,299,impitoyable,105.34999999999997,0.3,"{'kind': 'word', 'word': 'impitoyable'}",False,23
300,300,il,105.69999999999996,0.3,"{'kind': 'word', 'word': 'il'}",False,23
301,301,ajouta,106.04999999999995,0.3,"{'kind': 'word', 'word': 'ajouta'}",False,23
302,302,tu,106.39999999999996,0.3,"{'kind': 'word', 'word': 'tu'}",False,23
303,303,confonds,106.74999999999996,0.3,"{'kind': 'word', 'word': 'confonds'}",False,23
304,304,tout,107.09999999999997,0.3,"{'kind': 'word', 'word': 'tout'}",False,23
305,305,Tu,107.44999999999996,0.3,"{'kind': 'word', 'word': 'Tu'}",True,24
306,306,mélanges,107.79999999999995,0.3,"{'kind': 'word', 'word': 'mélanges'}",False,24
307,307,tout,108.14999999999996,0.3,"{'kind': 'word', 'word': 'tout'}",False,24
308,308,Il,108.49999999999996,0.3,"{'kind': 'word', 'word': 'Il'}",True,25
309,309,était,108.84999999999997,0.3,"{'kind': 'word', 'word': 'était'}",False,25
310,310,vraiment,109.19999999999996,0.3,"{'kind': 'word', 'word': 'vraiment'}",False,25
311,311,très,109.54999999999995,0.3,"{'kind': 'word', 'word': 'très'}",False,25
312,312,irrité,109.89999999999996,0.3,"{'kind': 'word', 'word': 'irrité'}",False,25
313,313,Il,110.24999999999996,0.3,"{'kind': 'word', 'word': 'Il'}",True,26
314,314,secouait,110.59999999999997,0.3,"{'kind': 'word', 'word': 'secouait'}",False,26
315,315,au,110.94999999999996,0.3,"{'kind': 'word', 'word': 'au'}",False,26
316,316,vent,111.29999999999995,0.3,"{'kind': 'word', 'word': 'vent'}",False,26
317,317,des,111.64999999999996,0.3,"{'kind': 'word', 'word': 'des'}",False,26
318,318,cheveux,111.99999999999996,0.3,"{'kind': 'word', 'word': 'cheveux'}",False,26
319,319,tout,112.34999999999997,0.3,"{'kind': 'word', 'word': 'tout'}",False,26
320,320,dorés,112.69999999999996,0.3,"{'kind': 'word', 'word': 'dorés'}",False,26
321,321,je,113.04999999999995,0.3,"{'kind': 'word', 'word': 'je'}",False,26
322,322,connais,113.39999999999996,0.3,"{'kind': 'word', 'word': 'connais'}",False,26
323,323,une,113.74999999999996,0.3,"{'kind': 'word', 'word': 'une'}",False,26
324,324,planète,114.09999999999997,0.3,"{'kind': 'word', 'word': 'planète'}",False,26
325,325,où,114.44999999999996,0.3,"{'kind': 'word', 'word': 'où'}",False,26
326,326,il,114.79999999999995,0.3,"{'kind': 'word', 'word': 'il'}",False,26
327,327,y,115.14999999999996,0.3,"{'kind': 'word', 'word': 'y'}",False,26
328,328,a,115.49999999999996,0.3,"{'kind': 'word', 'word': 'a'}",False,26
329,329,un,115.84999999999997,0.3,"{'kind': 'word', 'word': 'un'}",False,26
330,330,monsieur,116.19999999999996,0.3,"{'kind': 'word', 'word': 'monsieur'}",False,26
331,331,cramoisi,116.54999999999995,0.3,"{'kind': 'word', 'word': 'cramoisi'}",False,26
332,332,Il,116.89999999999996,0.3,"{'kind': 'word', 'word': 'Il'}",True,27
333,333,na,117.24999999999996,0.3,"{'kind': 'word', 'word': 'na'}",False,27
334,334,jamais,117.59999999999997,0.3,"{'kind': 'word', 'word': 'jamais'}",False,27
335,335,respiré,117.94999999999996,0.3,"{'kind': 'word', 'word': 'respiré'}",False,27
336,336,une,118.29999999999995,0.3,"{'kind': 'word', 'word': 'une'}",False,27
337,337,fleur,118.64999999999996,0.3,"{'kind': 'word', 'word': 'fleur'}",False,27
338,338,Il,118.99999999999996,0.3,"{'kind': 'word', 'word': 'Il'}",True,28
339,339,na,119.34999999999997,0.3,"{'kind': 'word', 'word': 'na'}",False,28
340,340,jamais,119.69999999999996,0.3,"{'kind': 'word', 'word': 'jamais'}",False,28
341,341,regardé,120.04999999999995,0.3,"{'kind': 'word', 'word': 'regardé'}",False,28
342,342,une,120.39999999999996,0.3,"{'kind': 'word', 'word': 'une'}",False,28
343,343,étoile,120.74999999999996,0.3,"{'kind': 'word', 'word': 'étoile'}",False,28
344,344,Il,121.09999999999997,0.3,"{'kind': 'word', 'word': 'Il'}",True,29
345,345,na,121.44999999999996,0.3,"{'kind': 'word', 'word': 'na'}",False,29
346,346,jamais,121.79999999999995,0.3,"{'kind': 'word', 'word': 'jamais'}",False,29
347,347,aimé,122.14999999999996,0.3,"{'kind': 'word', 'word': 'aimé'}",False,29
348,348,personne,122.49999999999996,0.3,"{'kind': 'word', 'word': 'personne'}",False,29
349,349,Il,122.84999999999997,0.3,"{'kind': 'word', 'word': 'Il'}",True,30
350,350,na,123.19999999999996,0.3,"{'kind': 'word', 'word': 'na'}",False,30
351,351,jamais,123.54999999999995,0.3,"{'kind': 'word', 'word': 'jamais'}",False,30
352,352,rien,123.89999999999996,0.3,"{'kind': 'word', 'word': 'rien'}",False,30
353,353,fait,124.24999999999996,0.3,"{'kind': 'word', 'word': 'fait'}",False,30
354,354,dautre,124.59999999999997,0.3,"{'kind': 'word', 'word': 'dautre'}",False,30
355,355,que,124.94999999999996,0.3,"{'kind': 'word', 'word': 'que'}",False,30
356,356,des,125.29999999999995,0.3,"{'kind': 'word', 'word': 'des'}",False,30
357,357,additions,125.64999999999996,0.3,"{'kind': 'word', 'word': 'additions'}",False,30
358,358,Et,125.99999999999996,0.3,"{'kind': 'word', 'word': 'Et'}",True,31
359,359,toute,126.34999999999997,0.3,"{'kind': 'word', 'word': 'toute'}",False,31
360,360,la,126.69999999999996,0.3,"{'kind': 'word', 'word': 'la'}",False,31
361,361,journée,127.04999999999995,0.3,"{'kind': 'word', 'word': 'journée'}",False,31
362,362,il,127.39999999999996,0.3,"{'kind': 'word', 'word': 'il'}",False,31
363,363,répète,127.74999999999996,0.3,"{'kind': 'word', 'word': 'répète'}",False,31
364,364,comme,128.09999999999994,0.3,"{'kind': 'word', 'word': 'comme'}",False,31
365,365,toi,128.44999999999996,0.3,"{'kind': 'word', 'word': 'toi'}",False,31
366,366,je,128.79999999999993,0.3,"{'kind': 'word', 'word': 'je'}",False,31
367,367,suis,129.14999999999995,0.3,"{'kind': 'word', 'word': 'suis'}",False,31
368,368,un,129.49999999999994,0.3,"{'kind': 'word', 'word': 'un'}",False,31
369,369,homme,129.84999999999994,0.3,"{'kind': 'word', 'word': 'homme'}",False,31
370,370,sérieux,130.19999999999993,0.3,"{'kind': 'word', 'word': 'sérieux'}",False,31
371,371,Je,130.54999999999993,0.3,"{'kind': 'word', 'word': 'Je'}",True,32
372,372,suis,130.89999999999995,0.3,"{'kind': 'word', 'word': 'suis'}",False,32
373,373,un,131.24999999999994,0.3,"{'kind': 'word', 'word': 'un'}",False,32
374,374,homme,131.59999999999994,0.3,"{'kind': 'word', 'word': 'homme'}",False,32
375,375,sérieux,131.94999999999993,0.3,"{'kind': 'word', 'word': 'sérieux'}",False,32
376,376,Et,132.29999999999993,0.3,"{'kind': 'word', 'word': 'Et'}",True,33
377,377,ça,132.64999999999995,0.3,"{'kind': 'word', 'word': 'ça'}",False,33
378,378,le,132.99999999999994,0.3,"{'kind': 'word', 'word': 'le'}",False,33
379,379,fait,133.34999999999994,0.3,"{'kind': 'word', 'word': 'fait'}",False,33
380,380,gonfler,133.69999999999993,0.3,"{'kind': 'word', 'word': 'gonfler'}",False,33
381,381,dorgueil,134.04999999999993,0.3,"{'kind': 'word', 'word': 'dorgueil'}",False,33
382,382,Mais,134.39999999999995,0.3,"{'kind': 'word', 'word': 'Mais'}",True,34
383,383,ce,134.74999999999994,0.3,"{'kind': 'word', 'word': 'ce'}",False,34
384,384,nest,135.09999999999994,0.3,"{'kind': 'word', 'word': 'nest'}",False,34
385,385,pas,135.44999999999993,0.3,"{'kind': 'word', 'word': 'pas'}",False,34
386,386,un,135.79999999999993,0.3,"{'kind': 'word', 'word': 'un'}",False,34
387,387,homme,136.14999999999995,0.3,"{'kind': 'word', 'word': 'homme'}",False,34
388,388,cest,136.49999999999994,0.3,"{'kind': 'word', 'word': 'cest'}",False,34
389,389,un,136.84999999999994,0.3,"{'kind': 'word', 'word': 'un'}",False,34
390,390,champignon,137.19999999999993,0.3,"{'kind': 'word', 'word': 'champignon'}",False,34
391,391,un,137.54999999999993,0.3,"{'kind': 'word', 'word': 'un'}",False,34
392,392,quoi,137.89999999999995,0.3,"{'kind': 'word', 'word': 'quoi'}",False,34
393,393,un,138.24999999999994,0.3,"{'kind': 'word', 'word': 'un'}",False,34
394,394,champignon,138.59999999999994,0.3,"{'kind': 'word', 'word': 'champignon'}",False,34
395,395,Le,138.94999999999993,0.3,"{'kind': 'word', 'word': 'Le'}",True,35
396,396,petit,139.29999999999993,0.3,"{'kind': 'word', 'word': 'petit'}",False,35
397,397,prince,139.64999999999995,0.3,"{'kind': 'word', 'word': 'prince'}",False,35
398,398,était,139.99999999999994,0.3,"{'kind': 'word', 'word': 'était'}",False,35
399,399,maintenant,140.34999999999994,0.3,"{'kind': 'word', 'word': 'maintenant'}",False,35
400,400,tout,140.69999999999993,0.3,"{'kind': 'word', 'word': 'tout'}",False,35
401,401,pâle,141.04999999999993,0.3,"{'kind': 'word', 'word': 'pâle'}",False,35
402,402,de,141.39999999999995,0.3,"{'kind': 'word', 'word': 'de'}",False,35
403,403,colère,141.74999999999994,0.3,"{'kind': 'word', 'word': 'colère'}",False,35
404,404,il,142.09999999999994,0.3,"{'kind': 'word', 'word': 'il'}",False,35
405,405,y,142.44999999999993,0.3,"{'kind': 'word', 'word': 'y'}",False,35
406,406,a,142.79999999999993,0.3,"{'kind': 'word', 'word': 'a'}",False,35
407,407,des,143.14999999999992,0.3,"{'kind': 'word', 'word': 'des'}",False,35
408,408,millions,143.49999999999994,0.3,"{'kind': 'word', 'word': 'millions'}",False,35
409,409,dannées,143.84999999999994,0.3,"{'kind': 'word', 'word': 'dannées'}",False,35
410,410,que,144.19999999999993,0.3,"{'kind': 'word', 'word': 'que'}",False,35
411,411,les,144.54999999999993,0.3,"{'kind': 'word', 'word': 'les'}",False,35
412,412,fleurs,144.89999999999992,0.3,"{'kind': 'word', 'word': 'fleurs'}",False,35
413,413,fabriquent,145.24999999999994,0.3,"{'kind': 'word', 'word': 'fabriquent'}",False,35
414,414,des,145.59999999999994,0.3,"{'kind': 'word', 'word': 'des'}",False,35
415,415,épines,145.94999999999993,0.3,"{'kind': 'word', 'word': 'épines'}",False,35
416,416,Il,146.29999999999993,0.3,"{'kind': 'word', 'word': 'Il'}",True,36
417,417,y,146.64999999999992,0.3,"{'kind': 'word', 'word': 'y'}",False,36
418,418,a,146.99999999999994,0.3,"{'kind': 'word', 'word': 'a'}",False,36
419,419,des,147.34999999999994,0.3,"{'kind': 'word', 'word': 'des'}",False,36
420,420,millions,147.69999999999993,0.3,"{'kind': 'word', 'word': 'millions'}",False,36
421,421,dannées,148.04999999999993,0.3,"{'kind': 'word', 'word': 'dannées'}",False,36
422,422,que,148.39999999999992,0.3,"{'kind': 'word', 'word': 'que'}",False,36
423,423,les,148.74999999999994,0.3,"{'kind': 'word', 'word': 'les'}",False,36
424,424,moutons,149.09999999999994,0.3,"{'kind': 'word', 'word': 'moutons'}",False,36
425,425,mangent,149.44999999999993,0.3,"{'kind': 'word', 'word': 'mangent'}",False,36
426,426,quand,149.79999999999993,0.3,"{'kind': 'word', 'word': 'quand'}",False,36
427,427,même,150.14999999999992,0.3,"{'kind': 'word', 'word': 'même'}",False,36
428,428,les,150.49999999999994,0.3,"{'kind': 'word', 'word': 'les'}",False,36
429,429,fleurs,150.84999999999994,0.3,"{'kind': 'word', 'word': 'fleurs'}",False,36
430,430,Et,151.19999999999993,0.3,"{'kind': 'word', 'word': 'Et'}",True,37
431,431,ce,151.54999999999993,0.3,"{'kind': 'word', 'word': 'ce'}",False,37
432,432,nest,151.89999999999992,0.3,"{'kind': 'word', 'word': 'nest'}",False,37
433,433,pas,152.24999999999994,0.3,"{'kind': 'word', 'word': 'pas'}",False,37
434,434,sérieux,152.59999999999994,0.3,"{'kind': 'word', 'word': 'sérieux'}",False,37
435,435,de,152.94999999999993,0.3,"{'kind': 'word', 'word': 'de'}",False,37
436,436,chercher,153.29999999999993,0.3,"{'kind': 'word', 'word': 'chercher'}",False,37
437,437,à,153.64999999999992,0.3,"{'kind': 'word', 'word': 'à'}",False,37
438,438,comprendre,153.99999999999994,0.3,"{'kind': 'word', 'word': 'comprendre'}",False,37
439,439,pourquoi,154.34999999999994,0.3,"{'kind': 'word', 'word': 'pourquoi'}",False,37
440,440,elles,154.69999999999993,0.3,"{'kind': 'word', 'word': 'elles'}",False,37
441,441,se,155.04999999999993,0.3,"{'kind': 'word', 'word': 'se'}",False,37
442,442,donnent,155.39999999999992,0.3,"{'kind': 'word', 'word': 'donnent'}",False,37
443,443,tant,155.74999999999994,0.3,"{'kind': 'word', 'word': 'tant'}",False,37
444,444,de,156.09999999999994,0.3,"{'kind': 'word', 'word': 'de'}",False,37
445,445,mal,156.44999999999993,0.3,"{'kind': 'word', 'word': 'mal'}",False,37
446,446,pour,156.79999999999993,0.3,"{'kind': 'word', 'word': 'pour'}",False,37
447,447,se,157.14999999999992,0.3,"{'kind': 'word', 'word': 'se'}",False,37
448,448,fabriquer,157.49999999999994,0.3,"{'kind': 'word', 'word': 'fabriquer'}",False,37
449,449,des,157.84999999999994,0.3,"{'kind': 'word', 'word': 'des'}",False,37
450,450,épines,158.19999999999993,0.3,"{'kind': 'word', 'word': 'épines'}",False,37
451,451,qui,158.54999999999993,0.3,"{'kind': 'word', 'word': 'qui'}",False,37
452,452,ne,158.89999999999992,0.3,"{'kind': 'word', 'word': 'ne'}",False,37
453,453,servent,159.24999999999991,0.3,"{'kind': 'word', 'word': 'servent'}",False,37
454,454,jamais,159.59999999999994,0.3,"{'kind': 'word', 'word': 'jamais'}",False,37
455,455,à,159.94999999999993,0.3,"{'kind': 'word', 'word': 'à'}",False,37
456,456,rien,160.29999999999993,0.3,"{'kind': 'word', 'word': 'rien'}",False,37
457,457,Ce,160.64999999999992,0.3,"{'kind': 'word', 'word': 'Ce'}",True,38
458,458,nest,160.99999999999991,0.3,"{'kind': 'word', 'word': 'nest'}",False,38
459,459,pas,161.34999999999994,0.3,"{'kind': 'word', 'word': 'pas'}",False,38
460,460,important,161.69999999999993,0.3,"{'kind': 'word', 'word': 'important'}",False,38
461,461,la,162.04999999999993,0.3,"{'kind': 'word', 'word': 'la'}",False,38
462,462,guerre,162.39999999999992,0.3,"{'kind': 'word', 'word': 'guerre'}",False,38
463,463,des,162.74999999999991,0.3,"{'kind': 'word', 'word': 'des'}",False,38
464,464,moutons,163.09999999999994,0.3,"{'kind': 'word', 'word': 'moutons'}",False,38
465,465,et,163.44999999999993,0.3,"{'kind': 'word', 'word': 'et'}",False,38
466,466,des,163.79999999999993,0.3,"{'kind': 'word', 'word': 'des'}",False,38
467,467,fleurs,164.14999999999992,0.3,"{'kind': 'word', 'word': 'fleurs'}",False,38
468,468,Ce,164.49999999999991,0.3,"{'kind': 'word', 'word': 'Ce'}",True,39
469,469,nest,164.84999999999994,0.3,"{'kind': 'word', 'word': 'nest'}",False,39
470,470,pas,165.19999999999993,0.3,"{'kind': 'word', 'word': 'pas'}",False,39
471,471,plus,165.54999999999993,0.3,"{'kind': 'word', 'word': 'plus'}",False,39
472,472,sérieux,165.89999999999992,0.3,"{'kind': 'word', 'word': 'sérieux'}",False,39
473,473,et,166.24999999999991,0.3,"{'kind': 'word', 'word': 'et'}",False,39
474,474,plus,166.59999999999994,0.3,"{'kind': 'word', 'word': 'plus'}",False,39
475,475,important,166.94999999999993,0.3,"{'kind': 'word', 'word': 'important'}",False,39
476,476,que,167.29999999999993,0.3,"{'kind': 'word', 'word': 'que'}",False,39
477,477,les,167.64999999999992,0.3,"{'kind': 'word', 'word': 'les'}",False,39
478,478,additions,167.99999999999991,0.3,"{'kind': 'word', 'word': 'additions'}",False,39
479,479,dun,168.34999999999994,0.3,"{'kind': 'word', 'word': 'dun'}",False,39
480,480,gros,168.69999999999993,0.3,"{'kind': 'word', 'word': 'gros'}",False,39
481,481,monsieur,169.04999999999993,0.3,"{'kind': 'word', 'word': 'monsieur'}",False,39
482,482,rouge,169.39999999999992,0.3,"{'kind': 'word', 'word': 'rouge'}",False,39
483,483,Et,169.74999999999991,0.3,"{'kind': 'word', 'word': 'Et'}",True,40
484,484,si,170.09999999999994,0.3,"{'kind': 'word', 'word': 'si'}",False,40
485,485,je,170.44999999999993,0.3,"{'kind': 'word', 'word': 'je'}",False,40
486,486,connais,170.79999999999993,0.3,"{'kind': 'word', 'word': 'connais'}",False,40
487,487,moi,171.14999999999992,0.3,"{'kind': 'word', 'word': 'moi'}",False,40
488,488,une,171.49999999999991,0.3,"{'kind': 'word', 'word': 'une'}",False,40
489,489,fleur,171.84999999999994,0.3,"{'kind': 'word', 'word': 'fleur'}",False,40
490,490,unique,172.19999999999993,0.3,"{'kind': 'word', 'word': 'unique'}",False,40
491,491,au,172.54999999999993,0.3,"{'kind': 'word', 'word': 'au'}",False,40
492,492,monde,172.89999999999992,0.3,"{'kind': 'word', 'word': 'monde'}",False,40
493,493,qui,173.24999999999991,0.3,"{'kind': 'word', 'word': 'qui'}",False,40
494,494,nexiste,173.5999999999999,0.3,"{'kind': 'word', 'word': 'nexiste'}",False,40
495,495,nulle,173.94999999999993,0.3,"{'kind': 'word', 'word': 'nulle'}",False,40
496,496,part,174.29999999999993,0.3,"{'kind': 'word', 'word': 'part'}",False,40
497,497,sauf,174.64999999999992,0.3,"{'kind': 'word', 'word': 'sauf'}",False,40
498,498,dans,174.99999999999991,0.3,"{'kind': 'word', 'word': 'dans'}",False,40
499,499,ma,175.3499999999999,0.3,"{'kind': 'word', 'word': 'ma'}",False,40
500,500,planète,175.69999999999993,0.3,"{'kind': 'word', 'word': 'planète'}",False,40
501,501,et,176.04999999999993,0.3,"{'kind': 'word', 'word': 'et'}",False,40
502,502,quun,176.39999999999992,0.3,"{'kind': 'word', 'word': 'quun'}",False,40
503,503,petit,176.74999999999991,0.3,"{'kind': 'word', 'word': 'petit'}",False,40
504,504,mouton,177.0999999999999,0.3,"{'kind': 'word', 'word': 'mouton'}",False,40
505,505,peut,177.44999999999993,0.3,"{'kind': 'word', 'word': 'peut'}",False,40
506,506,anéantir,177.79999999999993,0.3,"{'kind': 'word', 'word': 'anéantir'}",False,40
507,507,dun,178.14999999999992,0.3,"{'kind': 'word', 'word': 'dun'}",False,40
508,508,seul,178.49999999999991,0.3,"{'kind': 'word', 'word': 'seul'}",False,40
509,509,coup,178.8499999999999,0.3,"{'kind': 'word', 'word': 'coup'}",False,40
510,510,comme,179.19999999999993,0.3,"{'kind': 'word', 'word': 'comme'}",False,40
511,511,ça,179.54999999999993,0.3,"{'kind': 'word', 'word': 'ça'}",False,40
512,512,un,179.89999999999992,0.3,"{'kind': 'word', 'word': 'un'}",False,40
513,513,matin,180.24999999999991,0.3,"{'kind': 'word', 'word': 'matin'}",False,40
514,514,sans,180.5999999999999,0.3,"{'kind': 'word', 'word': 'sans'}",False,40
515,515,se,180.95,0.3,"{'kind': 'word', 'word': 'se'}",False,40
516,516,rendre,181.29999999999995,0.3,"{'kind': 'word', 'word': 'rendre'}",False,40
517,517,compte,181.64999999999992,0.3,"{'kind': 'word', 'word': 'compte'}",False,40
518,518,de,181.99999999999991,0.3,"{'kind': 'word', 'word': 'de'}",False,40
519,519,ce,182.3499999999999,0.3,"{'kind': 'word', 'word': 'ce'}",False,40
520,520,quil,182.7,0.3,"{'kind': 'word', 'word': 'quil'}",False,40
521,521,fait,183.04999999999995,0.3,"{'kind': 'word', 'word': 'fait'}",False,40
522,522,ce,183.39999999999992,0.3,"{'kind': 'word', 'word': 'ce'}",False,40
523,523,nest,183.74999999999991,0.3,"{'kind': 'word', 'word': 'nest'}",False,40
524,524,pas,184.0999999999999,0.3,"{'kind': 'word', 'word': 'pas'}",False,40
525,525,important,184.45,0.3,"{'kind': 'word', 'word': 'important'}",False,40
526,526,ça,184.79999999999995,0.3,"{'kind': 'word', 'word': 'ça'}",False,40
527,527,Il,185.14999999999992,0.3,"{'kind': 'word', 'word': 'Il'}",True,41
528,528,rougit,185.49999999999991,0.3,"{'kind': 'word', 'word': 'rougit'}",False,41
529,529,puis,185.8499999999999,0.3,"{'kind': 'word', 'word': 'puis'}",False,41
530,530,reprit,186.2,0.3,"{'kind': 'word', 'word': 'reprit'}",False,41
531,531,si,186.54999999999995,0.3,"{'kind': 'word', 'word': 'si'}",False,41
532,532,quelquun,186.89999999999992,0.3,"{'kind': 'word', 'word': 'quelquun'}",False,41
533,533,aime,187.24999999999991,0.3,"{'kind': 'word', 'word': 'aime'}",False,41
534,534,une,187.5999999999999,0.3,"{'kind': 'word', 'word': 'une'}",False,41
535,535,fleur,187.9499999999999,0.3,"{'kind': 'word', 'word': 'fleur'}",False,41
536,536,qui,188.29999999999995,0.3,"{'kind': 'word', 'word': 'qui'}",False,41
537,537,nexiste,188.64999999999992,0.3,"{'kind': 'word', 'word': 'nexiste'}",False,41
538,538,quà,188.99999999999991,0.3,"{'kind': 'word', 'word': 'quà'}",False,41
539,539,un,189.3499999999999,0.3,"{'kind': 'word', 'word': 'un'}",False,41
540,540,exemplaire,189.6999999999999,0.3,"{'kind': 'word', 'word': 'exemplaire'}",False,41
541,541,dans,190.04999999999995,0.3,"{'kind': 'word', 'word': 'dans'}",False,41
542,542,les,190.39999999999992,0.3,"{'kind': 'word', 'word': 'les'}",False,41
543,543,millions,190.74999999999991,0.3,"{'kind': 'word', 'word': 'millions'}",False,41
544,544,et,191.0999999999999,0.3,"{'kind': 'word', 'word': 'et'}",False,41
545,545,les,191.4499999999999,0.3,"{'kind': 'word', 'word': 'les'}",False,41
546,546,millions,191.79999999999995,0.3,"{'kind': 'word', 'word': 'millions'}",False,41
547,547,détoiles,192.14999999999992,0.3,"{'kind': 'word', 'word': 'détoiles'}",False,41
548,548,ça,192.49999999999991,0.3,"{'kind': 'word', 'word': 'ça'}",False,41
549,549,suffit,192.8499999999999,0.3,"{'kind': 'word', 'word': 'suffit'}",False,41
550,550,pour,193.1999999999999,0.3,"{'kind': 'word', 'word': 'pour'}",False,41
551,551,quil,193.54999999999995,0.3,"{'kind': 'word', 'word': 'quil'}",False,41
552,552,soit,193.89999999999992,0.3,"{'kind': 'word', 'word': 'soit'}",False,41
553,553,heureux,194.24999999999991,0.3,"{'kind': 'word', 'word': 'heureux'}",False,41
554,554,quand,194.5999999999999,0.3,"{'kind': 'word', 'word': 'quand'}",False,41
555,555,il,194.9499999999999,0.3,"{'kind': 'word', 'word': 'il'}",False,41
556,556,les,195.29999999999995,0.3,"{'kind': 'word', 'word': 'les'}",False,41
557,557,regarde,195.64999999999992,0.3,"{'kind': 'word', 'word': 'regarde'}",False,41
558,558,Il,195.99999999999991,0.3,"{'kind': 'word', 'word': 'Il'}",True,42
559,559,se,196.3499999999999,0.3,"{'kind': 'word', 'word': 'se'}",False,42
560,560,dit,196.6999999999999,0.3,"{'kind': 'word', 'word': 'dit'}",False,42
561,561,ma,197.04999999999995,0.3,"{'kind': 'word', 'word': 'ma'}",False,42
562,562,fleur,197.39999999999992,0.3,"{'kind': 'word', 'word': 'fleur'}",False,42
563,563,est,197.74999999999991,0.3,"{'kind': 'word', 'word': 'est'}",False,42
564,564,là,198.0999999999999,0.3,"{'kind': 'word', 'word': 'là'}",False,42
565,565,quelque,198.4499999999999,0.3,"{'kind': 'word', 'word': 'quelque'}",False,42
566,566,part,198.79999999999995,0.3,"{'kind': 'word', 'word': 'part'}",False,42
567,567,Mais,199.14999999999992,0.3,"{'kind': 'word', 'word': 'Mais'}",True,43
568,568,si,199.49999999999991,0.3,"{'kind': 'word', 'word': 'si'}",False,43
569,569,le,199.8499999999999,0.3,"{'kind': 'word', 'word': 'le'}",False,43
570,570,mouton,200.1999999999999,0.3,"{'kind': 'word', 'word': 'mouton'}",False,43
571,571,mange,200.54999999999995,0.3,"{'kind': 'word', 'word': 'mange'}",False,43
572,572,la,200.89999999999992,0.3,"{'kind': 'word', 'word': 'la'}",False,43
573,573,fleur,201.24999999999991,0.3,"{'kind': 'word', 'word': 'fleur'}",False,43
574,574,cest,201.5999999999999,0.3,"{'kind': 'word', 'word': 'cest'}",False,43
575,575,pour,201.9499999999999,0.3,"{'kind': 'word', 'word': 'pour'}",False,43
576,576,lui,202.2999999999999,0.3,"{'kind': 'word', 'word': 'lui'}",False,43
577,577,comme,202.64999999999992,0.3,"{'kind': 'word', 'word': 'comme'}",False,43
578,578,si,202.99999999999991,0.3,"{'kind': 'word', 'word': 'si'}",False,43
579,579,brusquement,203.3499999999999,0.3,"{'kind': 'word', 'word': 'brusquement'}",False,43
580,580,toutes,203.6999999999999,0.3,"{'kind': 'word', 'word': 'toutes'}",False,43
581,581,les,204.0499999999999,0.3,"{'kind': 'word', 'word': 'les'}",False,43
582,582,étoiles,204.39999999999992,0.3,"{'kind': 'word', 'word': 'étoiles'}",False,43
583,583,séteignaient,204.74999999999991,0.3,"{'kind': 'word', 'word': 'séteignaient'}",False,43
584,584,Et,205.0999999999999,0.3,"{'kind': 'word', 'word': 'Et'}",True,44
585,585,ce,205.4499999999999,0.3,"{'kind': 'word', 'word': 'ce'}",False,44
586,586,nest,205.7999999999999,0.3,"{'kind': 'word', 'word': 'nest'}",False,44
587,587,pas,206.14999999999992,0.3,"{'kind': 'word', 'word': 'pas'}",False,44
588,588,important,206.49999999999991,0.3,"{'kind': 'word', 'word': 'important'}",False,44
589,589,ça,206.8499999999999,0.3,"{'kind': 'word', 'word': 'ça'}",False,44
590,590,Il,207.1999999999999,0.3,"{'kind': 'word', 'word': 'Il'}",True,45
591,591,ne,207.5499999999999,0.3,"{'kind': 'word', 'word': 'ne'}",False,45
592,592,put,207.89999999999992,0.3,"{'kind': 'word', 'word': 'put'}",False,45
593,593,rien,208.24999999999991,0.3,"{'kind': 'word', 'word': 'rien'}",False,45
594,594,dire,208.5999999999999,0.3,"{'kind': 'word', 'word': 'dire'}",False,45
595,595,de,208.9499999999999,0.3,"{'kind': 'word', 'word': 'de'}",False,45
596,596,plus,209.2999999999999,0.3,"{'kind': 'word', 'word': 'plus'}",False,45
597,597,Il,209.64999999999992,0.3,"{'kind': 'word', 'word': 'Il'}",True,46
598,598,éclata,209.99999999999991,0.3,"{'kind': 'word', 'word': 'éclata'}",False,46
599,599,brusquement,210.3499999999999,0.3,"{'kind': 'word', 'word': 'brusquement'}",False,46
600,600,en,210.6999999999999,0.3,"{'kind': 'word', 'word': 'en'}",False,46
601,601,sanglots,211.0499999999999,0.3,"{'kind': 'word', 'word': 'sanglots'}",False,46
602,602,La,211.39999999999992,0.3,"{'kind': 'word', 'word': 'La'}",True,47
603,603,nuit,211.74999999999991,0.3,"{'kind': 'word', 'word': 'nuit'}",False,47
604,604,était,212.0999999999999,0.3,"{'kind': 'word', 'word': 'était'}",False,47
605,605,tombée,212.4499999999999,0.3,"{'kind': 'word', 'word': 'tombée'}",False,47
606,606,Javais,212.7999999999999,0.3,"{'kind': 'word', 'word': 'Javais'}",True,48
607,607,lâché,213.14999999999992,0.3,"{'kind': 'word', 'word': 'lâché'}",False,48
608,608,mes,213.49999999999991,0.3,"{'kind': 'word', 'word': 'mes'}",False,48
609,609,outils,213.8499999999999,0.3,"{'kind': 'word', 'word': 'outils'}",False,48
610,610,Je,214.1999999999999,0.3,"{'kind': 'word', 'word': 'Je'}",True,49
611,611,me,214.5499999999999,0.3,"{'kind': 'word', 'word': 'me'}",False,49
612,612,moquais,214.89999999999992,0.3,"{'kind': 'word', 'word': 'moquais'}",False,49
613,613,bien,215.24999999999991,0.3,"{'kind': 'word', 'word': 'bien'}",False,49
614,614,de,215.5999999999999,0.3,"{'kind': 'word', 'word': 'de'}",False,49
615,615,mon,215.9499999999999,0.3,"{'kind': 'word', 'word': 'mon'}",False,49
616,616,marteau,216.2999999999999,0.3,"{'kind': 'word', 'word': 'marteau'}",False,49
617,617,de,216.64999999999992,0.3,"{'kind': 'word', 'word': 'de'}",False,49
618,618,mon,216.99999999999991,0.3,"{'kind': 'word', 'word': 'mon'}",False,49
619,619,boulon,217.3499999999999,0.3,"{'kind': 'word', 'word': 'boulon'}",False,49
620,620,de,217.6999999999999,0.3,"{'kind': 'word', 'word': 'de'}",False,49
621,621,la,218.0499999999999,0.3,"{'kind': 'word', 'word': 'la'}",False,49
622,622,soif,218.3999999999999,0.3,"{'kind': 'word', 'word': 'soif'}",False,49
623,623,et,218.74999999999991,0.3,"{'kind': 'word', 'word': 'et'}",False,49
624,624,de,219.0999999999999,0.3,"{'kind': 'word', 'word': 'de'}",False,49
625,625,la,219.4499999999999,0.3,"{'kind': 'word', 'word': 'la'}",False,49
626,626,mort,219.7999999999999,0.3,"{'kind': 'word', 'word': 'mort'}",False,49
627,627,Il,220.1499999999999,0.3,"{'kind': 'word', 'word': 'Il'}",True,50
628,628,y,220.49999999999991,0.3,"{'kind': 'word', 'word': 'y'}",False,50
629,629,avait,220.8499999999999,0.3,"{'kind': 'word', 'word': 'avait'}",False,50
630,630,sur,221.1999999999999,0.3,"{'kind': 'word', 'word': 'sur'}",False,50
631,631,une,221.5499999999999,0.3,"{'kind': 'word', 'word': 'une'}",False,50
632,632,étoile,221.8999999999999,0.3,"{'kind': 'word', 'word': 'étoile'}",False,50
633,633,une,222.24999999999991,0.3,"{'kind': 'word', 'word': 'une'}",False,50
634,634,planète,222.5999999999999,0.3,"{'kind': 'word', 'word': 'planète'}",False,50
635,635,la,222.9499999999999,0.3,"{'kind': 'word', 'word': 'la'}",False,50
636,636,mienne,223.2999999999999,0.3,"{'kind': 'word', 'word': 'mienne'}",False,50
637,637,la,223.6499999999999,0.3,"{'kind': 'word', 'word': 'la'}",False,50
638,638,terre,223.99999999999991,0.3,"{'kind': 'word', 'word': 'terre'}",False,50
639,639,un,224.3499999999999,0.3,"{'kind': 'word', 'word': 'un'}",False,50
640,640,petit,224.6999999999999,0.3,"{'kind': 'word', 'word': 'petit'}",False,50
641,641,prince,225.0499999999999,0.3,"{'kind': 'word', 'word': 'prince'}",False,50
642,642,à,225.3999999999999,0.3,"{'kind': 'word', 'word': 'à'}",False,50
643,643,consoler,225.74999999999991,0.3,"{'kind': 'word', 'word': 'consoler'}",False,50
644,644,Je,226.0999999999999,0.3,"{'kind': 'word', 'word': 'Je'}",True,51
645,645,le,226.4499999999999,0.3,"{'kind': 'word', 'word': 'le'}",False,51
646,646,pris,226.7999999999999,0.3,"{'kind': 'word', 'word': 'pris'}",False,51
647,647,dans,227.1499999999999,0.3,"{'kind': 'word', 'word': 'dans'}",False,51
648,648,les,227.49999999999991,0.3,"{'kind': 'word', 'word': 'les'}",False,51
649,649,bras,227.8499999999999,0.3,"{'kind': 'word', 'word': 'bras'}",False,51
650,650,Je,228.1999999999999,0.3,"{'kind': 'word', 'word': 'Je'}",True,52
651,651,le,228.5499999999999,0.3,"{'kind': 'word', 'word': 'le'}",False,52
652,652,berçai,228.8999999999999,0.3,"{'kind': 'word', 'word': 'berçai'}",False,52
653,653,Je,229.24999999999991,0.3,"{'kind': 'word', 'word': 'Je'}",True,53
654,654,lui,229.5999999999999,0.3,"{'kind': 'word', 'word': 'lui'}",False,53
655,655,disais,229.9499999999999,0.3,"{'kind': 'word', 'word': 'disais'}",False,53
656,656,la,230.2999999999999,0.3,"{'kind': 'word', 'word': 'la'}",False,53
657,657,fleur,230.6499999999999,0.3,"{'kind': 'word', 'word': 'fleur'}",False,53
658,658,que,230.99999999999991,0.3,"{'kind': 'word', 'word': 'que'}",False,53
659,659,tu,231.3499999999999,0.3,"{'kind': 'word', 'word': 'tu'}",False,53
660,660,aimes,231.6999999999999,0.3,"{'kind': 'word', 'word': 'aimes'}",False,53
661,661,nest,232.0499999999999,0.3,"{'kind': 'word', 'word': 'nest'}",False,53
662,662,pas,232.3999999999999,0.3,"{'kind': 'word', 'word': 'pas'}",False,53
663,663,en,232.7499999999999,0.3,"{'kind': 'word', 'word': 'en'}",False,53
664,664,danger,233.0999999999999,0.3,"{'kind': 'word', 'word': 'danger'}",False,53
665,665,Je,233.4499999999999,0.3,"{'kind': 'word', 'word': 'Je'}",True,54
666,666,lui,233.7999999999999,0.3,"{'kind': 'word', 'word': 'lui'}",False,54
667,667,dessinerai,234.1499999999999,0.3,"{'kind': 'word', 'word': 'dessinerai'}",False,54
668,668,une,234.4999999999999,0.3,"{'kind': 'word', 'word': 'une'}",False,54
669,669,muselière,234.8499999999999,0.3,"{'kind': 'word', 'word': 'muselière'}",False,54
670,670,à,235.1999999999999,0.3,"{'kind': 'word', 'word': 'à'}",False,54
671,671,ton,235.5499999999999,0.3,"{'kind': 'word', 'word': 'ton'}",False,54
672,672,mouton,235.8999999999999,0.3,"{'kind': 'word', 'word': 'mouton'}",False,54
673,673,Je,236.2499999999999,0.3,"{'kind': 'word', 'word': 'Je'}",True,55
674,674,te,236.5999999999999,0.3,"{'kind': 'word', 'word': 'te'}",False,55
675,675,dessinerai,236.9499999999999,0.3,"{'kind': 'word', 'word': 'dessinerai'}",False,55
676,676,une,237.2999999999999,0.3,"{'kind': 'word', 'word': 'une'}",False,55
677,677,armure,237.6499999999999,0.3,"{'kind': 'word', 'word': 'armure'}",False,55
678,678,pour,237.9999999999999,0.3,"{'kind': 'word', 'word': 'pour'}",False,55
679,679,ta,238.3499999999999,0.3,"{'kind': 'word', 'word': 'ta'}",False,55
680,680,fleur,238.6999999999999,0.3,"{'kind': 'word', 'word': 'fleur'}",False,55
681,681,Je,239.0499999999999,0.3,"{'kind': 'word', 'word': 'Je'}",True,56
682,682,Je,239.3999999999999,0.3,"{'kind': 'word', 'word': 'Je'}",True,57
683,683,ne,239.7499999999999,0.3,"{'kind': 'word', 'word': 'ne'}",False,57
684,684,savais,240.0999999999999,0.3,"{'kind': 'word', 'word': 'savais'}",False,57
685,685,pas,240.4499999999999,0.3,"{'kind': 'word', 'word': 'pas'}",False,57
686,686,trop,240.7999999999999,0.3,"{'kind': 'word', 'word': 'trop'}",False,57
687,687,quoi,241.1499999999999,0.3,"{'kind': 'word', 'word': 'quoi'}",False,57
688,688,dire,241.4999999999999,0.3,"{'kind': 'word', 'word': 'dire'}",False,57
689,689,Je,241.8499999999999,0.3,"{'kind': 'word', 'word': 'Je'}",True,58
690,690,me,242.1999999999999,0.3,"{'kind': 'word', 'word': 'me'}",False,58
691,691,sentais,242.5499999999999,0.3,"{'kind': 'word', 'word': 'sentais'}",False,58
692,692,très,242.8999999999999,0.3,"{'kind': 'word', 'word': 'très'}",False,58
693,693,maladroit,243.2499999999999,0.3,"{'kind': 'word', 'word': 'maladroit'}",False,58
694,694,Je,243.5999999999999,0.3,"{'kind': 'word', 'word': 'Je'}",True,59
695,695,ne,243.9499999999999,0.3,"{'kind': 'word', 'word': 'ne'}",False,59
696,696,savais,244.2999999999999,0.3,"{'kind': 'word', 'word': 'savais'}",False,59
697,697,comment,244.6499999999999,0.3,"{'kind': 'word', 'word': 'comment'}",False,59
698,698,latteindre,244.9999999999999,0.3,"{'kind': 'word', 'word': 'latteindre'}",False,59
699,699,où,245.3499999999999,0.3,"{'kind': 'word', 'word': 'où'}",False,59
700,700,le,245.6999999999999,0.3,"{'kind': 'word', 'word': 'le'}",False,59
701,701,rejoindre,246.0499999999999,0.3,"{'kind': 'word', 'word': 'rejoindre'}",False,59
702,702,Cest,246.3999999999999,0.3,"{'kind': 'word', 'word': 'Cest'}",True,60
703,703,tellement,246.7499999999999,0.3,"{'kind': 'word', 'word': 'tellement'}",False,60
704,704,mystérieux,247.0999999999999,0.3,"{'kind': 'word', 'word': 'mystérieux'}",False,60
705,705,le,247.4499999999999,0.3,"{'kind': 'word', 'word': 'le'}",False,60
706,706,pays,247.7999999999999,0.3,"{'kind': 'word', 'word': 'pays'}",False,60
707,707,des,248.1499999999999,0.3,"{'kind': 'word', 'word': 'des'}",False,60
708,708,larmes,248.4999999999999,0.3,"{'kind': 'word', 'word': 'larmes'}",False,60
709,709,Jappris,248.84999999999988,0.3,"{'kind': 'word', 'word': 'Jappris'}",True,61
710,710,bien,249.1999999999999,0.3,"{'kind': 'word', 'word': 'bien'}",False,61
711,711,vite,249.5499999999999,0.3,"{'kind': 'word', 'word': 'vite'}",False,61
712,712,à,249.8999999999999,0.3,"{'kind': 'word', 'word': 'à'}",False,61
713,713,mieux,250.2499999999999,0.3,"{'kind': 'word', 'word': 'mieux'}",False,61
714,714,connaître,250.59999999999988,0.3,"{'kind': 'word', 'word': 'connaître'}",False,61
715,715,cette,250.9499999999999,0.3,"{'kind': 'word', 'word': 'cette'}",False,61
716,716,fleur,251.2999999999999,0.3,"{'kind': 'word', 'word': 'fleur'}",False,61
717,717,Il,251.6499999999999,0.3,"{'kind': 'word', 'word': 'Il'}",True,62
718,718,avait,251.9999999999999,0.3,"{'kind': 'word', 'word': 'avait'}",False,62
719,719,toujours,252.34999999999988,0.3,"{'kind': 'word', 'word': 'toujours'}",False,62
720,720,eu,252.6999999999999,0.3,"{'kind': 'word', 'word': 'eu'}",False,62
721,721,sur,253.0499999999999,0.3,"{'kind': 'word', 'word': 'sur'}",False,62
722,722,la,253.3999999999999,0.3,"{'kind': 'word', 'word': 'la'}",False,62
723,723,planète,253.7499999999999,0.3,"{'kind': 'word', 'word': 'planète'}",False,62
724,724,du,254.09999999999988,0.3,"{'kind': 'word', 'word': 'du'}",False,62
725,725,petit,254.4499999999999,0.3,"{'kind': 'word', 'word': 'petit'}",False,62
726,726,prince,254.7999999999999,0.3,"{'kind': 'word', 'word': 'prince'}",False,62
727,727,des,255.1499999999999,0.3,"{'kind': 'word', 'word': 'des'}",False,62
728,728,fleurs,255.4999999999999,0.3,"{'kind': 'word', 'word': 'fleurs'}",False,62
729,729,très,255.84999999999988,0.3,"{'kind': 'word', 'word': 'très'}",False,62
730,730,simples,256.19999999999993,0.3,"{'kind': 'word', 'word': 'simples'}",False,62
731,731,ornées,256.5499999999999,0.3,"{'kind': 'word', 'word': 'ornées'}",False,62
732,732,dun,256.89999999999986,0.3,"{'kind': 'word', 'word': 'dun'}",False,62
733,733,seul,257.2499999999999,0.3,"{'kind': 'word', 'word': 'seul'}",False,62
734,734,rang,257.5999999999999,0.3,"{'kind': 'word', 'word': 'rang'}",False,62
735,735,de,257.9499999999999,0.3,"{'kind': 'word', 'word': 'de'}",False,62
736,736,pétales,258.2999999999999,0.3,"{'kind': 'word', 'word': 'pétales'}",False,62
737,737,et,258.64999999999986,0.3,"{'kind': 'word', 'word': 'et'}",False,62
738,738,qui,258.9999999999999,0.3,"{'kind': 'word', 'word': 'qui'}",False,62
739,739,ne,259.3499999999999,0.3,"{'kind': 'word', 'word': 'ne'}",False,62
740,740,tenaient,259.6999999999999,0.3,"{'kind': 'word', 'word': 'tenaient'}",False,62
741,741,point,260.0499999999999,0.3,"{'kind': 'word', 'word': 'point'}",False,62
742,742,de,260.39999999999986,0.3,"{'kind': 'word', 'word': 'de'}",False,62
743,743,place,260.7499999999999,0.3,"{'kind': 'word', 'word': 'place'}",False,62
744,744,et,261.0999999999999,0.3,"{'kind': 'word', 'word': 'et'}",False,62
745,745,qui,261.4499999999999,0.3,"{'kind': 'word', 'word': 'qui'}",False,62
746,746,ne,261.7999999999999,0.3,"{'kind': 'word', 'word': 'ne'}",False,62
747,747,dérangeaient,262.14999999999986,0.3,"{'kind': 'word', 'word': 'dérangeaient'}",False,62
748,748,personne,262.4999999999999,0.3,"{'kind': 'word', 'word': 'personne'}",False,62
749,749,Elles,262.8499999999999,0.3,"{'kind': 'word', 'word': 'Elles'}",True,63
750,750,apparaissaient,263.1999999999999,0.3,"{'kind': 'word', 'word': 'apparaissaient'}",False,63
751,751,un,263.5499999999999,0.3,"{'kind': 'word', 'word': 'un'}",False,63
752,752,matin,263.89999999999986,0.3,"{'kind': 'word', 'word': 'matin'}",False,63
753,753,dans,264.2499999999999,0.3,"{'kind': 'word', 'word': 'dans'}",False,63
754,754,lherbe,264.5999999999999,0.3,"{'kind': 'word', 'word': 'lherbe'}",False,63
755,755,et,264.9499999999999,0.3,"{'kind': 'word', 'word': 'et'}",False,63
756,756,puis,265.2999999999999,0.3,"{'kind': 'word', 'word': 'puis'}",False,63
757,757,elles,265.64999999999986,0.3,"{'kind': 'word', 'word': 'elles'}",False,63
758,758,séteignaient,265.9999999999999,0.3,"{'kind': 'word', 'word': 'séteignaient'}",False,63
759,759,le,266.3499999999999,0.3,"{'kind': 'word', 'word': 'le'}",False,63
760,760,soir,266.6999999999999,0.3,"{'kind': 'word', 'word': 'soir'}",False,63
761,761,Mais,267.0499999999999,0.3,"{'kind': 'word', 'word': 'Mais'}",True,64
762,762,cellelà,267.39999999999986,0.3,"{'kind': 'word', 'word': 'cellelà'}",False,64
763,763,avait,267.7499999999999,0.3,"{'kind': 'word', 'word': 'avait'}",False,64
764,764,germé,268.0999999999999,0.3,"{'kind': 'word', 'word': 'germé'}",False,64
765,765,un,268.4499999999999,0.3,"{'kind': 'word', 'word': 'un'}",False,64
766,766,jour,268.7999999999999,0.3,"{'kind': 'word', 'word': 'jour'}",False,64
767,767,dune,269.14999999999986,0.3,"{'kind': 'word', 'word': 'dune'}",False,64
768,768,graine,269.4999999999999,0.3,"{'kind': 'word', 'word': 'graine'}",False,64
769,769,apportée,269.8499999999999,0.3,"{'kind': 'word', 'word': 'apportée'}",False,64
770,770,don,270.1999999999999,0.3,"{'kind': 'word', 'word': 'don'}",False,64
771,771,ne,270.5499999999999,0.3,"{'kind': 'word', 'word': 'ne'}",False,64
772,772,sait,270.89999999999986,0.3,"{'kind': 'word', 'word': 'sait'}",False,64
773,773,où,271.2499999999999,0.3,"{'kind': 'word', 'word': 'où'}",False,64
774,774,et,271.5999999999999,0.3,"{'kind': 'word', 'word': 'et'}",False,64
775,775,le,271.9499999999999,0.3,"{'kind': 'word', 'word': 'le'}",False,64
776,776,petit,272.2999999999999,0.3,"{'kind': 'word', 'word': 'petit'}",False,64
777,777,prince,272.64999999999986,0.3,"{'kind': 'word', 'word': 'prince'}",False,64
778,778,avait,272.9999999999999,0.3,"{'kind': 'word', 'word': 'avait'}",False,64
779,779,surveillé,273.3499999999999,0.3,"{'kind': 'word', 'word': 'surveillé'}",False,64
780,780,de,273.6999999999999,0.3,"{'kind': 'word', 'word': 'de'}",False,64
781,781,très,274.0499999999999,0.3,"{'kind': 'word', 'word': 'très'}",False,64
782,782,près,274.39999999999986,0.3,"{'kind': 'word', 'word': 'près'}",False,64
783,783,cette,274.7499999999999,0.3,"{'kind': 'word', 'word': 'cette'}",False,64
784,784,brindille,275.0999999999999,0.3,"{'kind': 'word', 'word': 'brindille'}",False,64
785,785,qui,275.4499999999999,0.3,"{'kind': 'word', 'word': 'qui'}",False,64
786,786,ne,275.7999999999999,0.3,"{'kind': 'word', 'word': 'ne'}",False,64
787,787,ressemblait,276.14999999999986,0.3,"{'kind': 'word', 'word': 'ressemblait'}",False,64
788,788,pas,276.4999999999999,0.3,"{'kind': 'word', 'word': 'pas'}",False,64
789,789,aux,276.8499999999999,0.3,"{'kind': 'word', 'word': 'aux'}",False,64
790,790,autres,277.1999999999999,0.3,"{'kind': 'word', 'word': 'autres'}",False,64
791,791,brindilles,277.5499999999999,0.3,"{'kind': 'word', 'word': 'brindilles'}",False,64
792,792,Ça,277.89999999999986,0.3,"{'kind': 'word', 'word': 'Ça'}",True,65
793,793,pouvait,278.2499999999999,0.3,"{'kind': 'word', 'word': 'pouvait'}",False,65
794,794,être,278.5999999999999,0.3,"{'kind': 'word', 'word': 'être'}",False,65
795,795,un,278.9499999999999,0.3,"{'kind': 'word', 'word': 'un'}",False,65
796,796,nouveau,279.2999999999999,0.3,"{'kind': 'word', 'word': 'nouveau'}",False,65
797,797,genre,279.64999999999986,0.3,"{'kind': 'word', 'word': 'genre'}",False,65
798,798,de,279.9999999999999,0.3,"{'kind': 'word', 'word': 'de'}",False,65
799,799,baobab,280.3499999999999,0.3,"{'kind': 'word', 'word': 'baobab'}",False,65
800,800,Mais,280.6999999999999,0.3,"{'kind': 'word', 'word': 'Mais'}",True,66
801,801,larbuste,281.0499999999999,0.3,"{'kind': 'word', 'word': 'larbuste'}",False,66
802,802,cessa,281.39999999999986,0.3,"{'kind': 'word', 'word': 'cessa'}",False,66
803,803,vite,281.7499999999999,0.3,"{'kind': 'word', 'word': 'vite'}",False,66
804,804,de,282.0999999999999,0.3,"{'kind': 'word', 'word': 'de'}",False,66
805,805,croître,282.4499999999999,0.3,"{'kind': 'word', 'word': 'croître'}",False,66
806,806,et,282.7999999999999,0.3,"{'kind': 'word', 'word': 'et'}",False,66
807,807,commença,283.14999999999986,0.3,"{'kind': 'word', 'word': 'commença'}",False,66
808,808,de,283.4999999999999,0.3,"{'kind': 'word', 'word': 'de'}",False,66
809,809,préparer,283.8499999999999,0.3,"{'kind': 'word', 'word': 'préparer'}",False,66
810,810,une,284.1999999999999,0.3,"{'kind': 'word', 'word': 'une'}",False,66
811,811,fleur,284.5499999999999,0.3,"{'kind': 'word', 'word': 'fleur'}",False,66
812,812,Le,284.89999999999986,0.3,"{'kind': 'word', 'word': 'Le'}",True,67
813,813,petit,285.2499999999999,0.3,"{'kind': 'word', 'word': 'petit'}",False,67
814,814,prince,285.59999999999985,0.3,"{'kind': 'word', 'word': 'prince'}",False,67
815,815,qui,285.9499999999999,0.3,"{'kind': 'word', 'word': 'qui'}",False,67
816,816,assistait,286.2999999999999,0.3,"{'kind': 'word', 'word': 'assistait'}",False,67
817,817,à,286.64999999999986,0.3,"{'kind': 'word', 'word': 'à'}",False,67
818,818,linstallation,286.9999999999999,0.3,"{'kind': 'word', 'word': 'linstallation'}",False,67
819,819,dun,287.34999999999985,0.3,"{'kind': 'word', 'word': 'dun'}",False,67
820,820,bouton,287.6999999999999,0.3,"{'kind': 'word', 'word': 'bouton'}",False,67
821,821,énorme,288.0499999999999,0.3,"{'kind': 'word', 'word': 'énorme'}",False,67
822,822,sentait,288.39999999999986,0.3,"{'kind': 'word', 'word': 'sentait'}",False,67
823,823,bien,288.7499999999999,0.3,"{'kind': 'word', 'word': 'bien'}",False,67
824,824,quil,289.09999999999985,0.3,"{'kind': 'word', 'word': 'quil'}",False,67
825,825,en,289.4499999999999,0.3,"{'kind': 'word', 'word': 'en'}",False,67
826,826,sortirait,289.7999999999999,0.3,"{'kind': 'word', 'word': 'sortirait'}",False,67
827,827,une,290.14999999999986,0.3,"{'kind': 'word', 'word': 'une'}",False,67
828,828,apparition,290.4999999999999,0.3,"{'kind': 'word', 'word': 'apparition'}",False,67
829,829,miraculeuse,290.84999999999985,0.3,"{'kind': 'word', 'word': 'miraculeuse'}",False,67
830,830,mais,291.1999999999999,0.3,"{'kind': 'word', 'word': 'mais'}",False,67
831,831,la,291.5499999999999,0.3,"{'kind': 'word', 'word': 'la'}",False,67
832,832,fleur,291.89999999999986,0.3,"{'kind': 'word', 'word': 'fleur'}",False,67
833,833,nen,292.2499999999999,0.3,"{'kind': 'word', 'word': 'nen'}",False,67
834,834,finissait,292.59999999999985,0.3,"{'kind': 'word', 'word': 'finissait'}",False,67
835,835,pas,292.9499999999999,0.3,"{'kind': 'word', 'word': 'pas'}",False,67
836,836,de,293.2999999999999,0.3,"{'kind': 'word', 'word': 'de'}",False,67
837,837,se,293.64999999999986,0.3,"{'kind': 'word', 'word': 'se'}",False,67
838,838,préparer,293.9999999999999,0.3,"{'kind': 'word', 'word': 'préparer'}",False,67
839,839,à,294.34999999999985,0.3,"{'kind': 'word', 'word': 'à'}",False,67
840,840,être,294.6999999999999,0.3,"{'kind': 'word', 'word': 'être'}",False,67
841,841,belle,295.0499999999999,0.3,"{'kind': 'word', 'word': 'belle'}",False,67
842,842,à,295.39999999999986,0.3,"{'kind': 'word', 'word': 'à'}",False,67
843,843,labri,295.7499999999999,0.3,"{'kind': 'word', 'word': 'labri'}",False,67
844,844,de,296.09999999999985,0.3,"{'kind': 'word', 'word': 'de'}",False,67
845,845,sa,296.4499999999999,0.3,"{'kind': 'word', 'word': 'sa'}",False,67
846,846,chambre,296.7999999999999,0.3,"{'kind': 'word', 'word': 'chambre'}",False,67
847,847,verte,297.14999999999986,0.3,"{'kind': 'word', 'word': 'verte'}",False,67
848,848,Elle,297.4999999999999,0.3,"{'kind': 'word', 'word': 'Elle'}",True,68
849,849,choisissait,297.84999999999985,0.3,"{'kind': 'word', 'word': 'choisissait'}",False,68
850,850,avec,298.1999999999999,0.3,"{'kind': 'word', 'word': 'avec'}",False,68
851,851,soin,298.5499999999999,0.3,"{'kind': 'word', 'word': 'soin'}",False,68
852,852,ses,298.89999999999986,0.3,"{'kind': 'word', 'word': 'ses'}",False,68
853,853,couleurs,299.2499999999999,0.3,"{'kind': 'word', 'word': 'couleurs'}",False,68
854,854,Elle,299.59999999999985,0.3,"{'kind': 'word', 'word': 'Elle'}",True,69
855,855,shabillait,299.9499999999999,0.3,"{'kind': 'word', 'word': 'shabillait'}",False,69
856,856,lentement,300.2999999999999,0.3,"{'kind': 'word', 'word': 'lentement'}",False,69
857,857,elle,300.64999999999986,0.3,"{'kind': 'word', 'word': 'elle'}",False,69
858,858,ajustait,300.9999999999999,0.3,"{'kind': 'word', 'word': 'ajustait'}",False,69
859,859,un,301.34999999999985,0.3,"{'kind': 'word', 'word': 'un'}",False,69
860,860,à,301.6999999999999,0.3,"{'kind': 'word', 'word': 'à'}",False,69
861,861,un,302.0499999999999,0.3,"{'kind': 'word', 'word': 'un'}",False,69
862,862,ses,302.39999999999986,0.3,"{'kind': 'word', 'word': 'ses'}",False,69
863,863,pétales,302.7499999999999,0.3,"{'kind': 'word', 'word': 'pétales'}",False,69
864,864,Elle,303.09999999999985,0.3,"{'kind': 'word', 'word': 'Elle'}",True,70
865,865,ne,303.4499999999999,0.3,"{'kind': 'word', 'word': 'ne'}",False,70
866,866,voulait,303.7999999999999,0.3,"{'kind': 'word', 'word': 'voulait'}",False,70
867,867,pas,304.14999999999986,0.3,"{'kind': 'word', 'word': 'pas'}",False,70
868,868,sortir,304.4999999999999,0.3,"{'kind': 'word', 'word': 'sortir'}",False,70
869,869,toute,304.84999999999985,0.3,"{'kind': 'word', 'word': 'toute'}",False,70
870,870,fripée,305.1999999999999,0.3,"{'kind': 'word', 'word': 'fripée'}",False,70
871,871,comme,305.5499999999999,0.3,"{'kind': 'word', 'word': 'comme'}",False,70
872,872,les,305.89999999999986,0.3,"{'kind': 'word', 'word': 'les'}",False,70
873,873,coquelicots,306.2499999999999,0.3,"{'kind': 'word', 'word': 'coquelicots'}",False,70
874,874,Elle,306.59999999999985,0.3,"{'kind': 'word', 'word': 'Elle'}",True,71
875,875,ne,306.9499999999999,0.3,"{'kind': 'word', 'word': 'ne'}",False,71
876,876,voulait,307.2999999999999,0.3,"{'kind': 'word', 'word': 'voulait'}",False,71
877,877,apparaître,307.64999999999986,0.3,"{'kind': 'word', 'word': 'apparaître'}",False,71
878,878,que,307.9999999999999,0.3,"{'kind': 'word', 'word': 'que'}",False,71
879,879,dans,308.34999999999985,0.3,"{'kind': 'word', 'word': 'dans'}",False,71
880,880,le,308.6999999999999,0.3,"{'kind': 'word', 'word': 'le'}",False,71
881,881,plein,309.0499999999999,0.3,"{'kind': 'word', 'word': 'plein'}",False,71
882,882,rayonnement,309.39999999999986,0.3,"{'kind': 'word', 'word': 'rayonnement'}",False,71
883,883,de,309.7499999999999,0.3,"{'kind': 'word', 'word': 'de'}",False,71
884,884,sa,310.09999999999985,0.3,"{'kind': 'word', 'word': 'sa'}",False,71
885,885,beauté,310.4499999999999,0.3,"{'kind': 'word', 'word': 'beauté'}",False,71
886,886,Eh,310.7999999999999,0.3,"{'kind': 'word', 'word': 'Eh'}",True,72
887,887,Oui,311.14999999999986,0.3,"{'kind': 'word', 'word': 'Oui'}",True,73
888,888,Elle,311.4999999999999,0.3,"{'kind': 'word', 'word': 'Elle'}",True,74
889,889,était,311.84999999999985,0.3,"{'kind': 'word', 'word': 'était'}",False,74
890,890,très,312.1999999999999,0.3,"{'kind': 'word', 'word': 'très'}",False,74
891,891,coquette,312.5499999999999,0.3,"{'kind': 'word', 'word': 'coquette'}",False,74
892,892,Sa,312.89999999999986,0.3,"{'kind': 'word', 'word': 'Sa'}",True,75
893,893,toilette,313.2499999999999,0.3,"{'kind': 'word', 'word': 'toilette'}",False,75
894,894,mystérieuse,313.59999999999985,0.3,"{'kind': 'word', 'word': 'mystérieuse'}",False,75
895,895,avait,313.9499999999999,0.3,"{'kind': 'word', 'word': 'avait'}",False,75
896,896,donc,314.2999999999999,0.3,"{'kind': 'word', 'word': 'donc'}",False,75
897,897,duré,314.64999999999986,0.3,"{'kind': 'word', 'word': 'duré'}",False,75
898,898,des,314.9999999999999,0.3,"{'kind': 'word', 'word': 'des'}",False,75
899,899,jours,315.34999999999985,0.3,"{'kind': 'word', 'word': 'jours'}",False,75
900,900,et,315.6999999999999,0.3,"{'kind': 'word', 'word': 'et'}",False,75
901,901,des,316.04999999999984,0.3,"{'kind': 'word', 'word': 'des'}",False,75
902,902,jours,316.39999999999986,0.3,"{'kind': 'word', 'word': 'jours'}",False,75
903,903,Et,316.7499999999999,0.3,"{'kind': 'word', 'word': 'Et'}",True,76
904,904,puis,317.09999999999985,0.3,"{'kind': 'word', 'word': 'puis'}",False,76
905,905,voici,317.4499999999999,0.3,"{'kind': 'word', 'word': 'voici'}",False,76
906,906,quun,317.79999999999984,0.3,"{'kind': 'word', 'word': 'quun'}",False,76
907,907,matin,318.14999999999986,0.3,"{'kind': 'word', 'word': 'matin'}",False,76
908,908,justement,318.4999999999999,0.3,"{'kind': 'word', 'word': 'justement'}",False,76
909,909,à,318.84999999999985,0.3,"{'kind': 'word', 'word': 'à'}",False,76
910,910,lheure,319.1999999999999,0.3,"{'kind': 'word', 'word': 'lheure'}",False,76
911,911,du,319.54999999999984,0.3,"{'kind': 'word', 'word': 'du'}",False,76
912,912,lever,319.89999999999986,0.3,"{'kind': 'word', 'word': 'lever'}",False,76
913,913,du,320.2499999999999,0.3,"{'kind': 'word', 'word': 'du'}",False,76
914,914,soleil,320.59999999999985,0.3,"{'kind': 'word', 'word': 'soleil'}",False,76
915,915,elle,320.9499999999999,0.3,"{'kind': 'word', 'word': 'elle'}",False,76
916,916,sétait,321.29999999999984,0.3,"{'kind': 'word', 'word': 'sétait'}",False,76
917,917,montrée,321.64999999999986,0.3,"{'kind': 'word', 'word': 'montrée'}",False,76
918,918,Et,321.9999999999999,0.3,"{'kind': 'word', 'word': 'Et'}",True,77
919,919,elle,322.34999999999985,0.3,"{'kind': 'word', 'word': 'elle'}",False,77
920,920,qui,322.6999999999999,0.3,"{'kind': 'word', 'word': 'qui'}",False,77
921,921,avait,323.04999999999984,0.3,"{'kind': 'word', 'word': 'avait'}",False,77
922,922,travaillé,323.39999999999986,0.3,"{'kind': 'word', 'word': 'travaillé'}",False,77
923,923,avec,323.7499999999999,0.3,"{'kind': 'word', 'word': 'avec'}",False,77
924,924,tant,324.09999999999985,0.3,"{'kind': 'word', 'word': 'tant'}",False,77
925,925,de,324.4499999999999,0.3,"{'kind': 'word', 'word': 'de'}",False,77
926,926,précision,324.79999999999984,0.3,"{'kind': 'word', 'word': 'précision'}",False,77
927,927,dit,325.14999999999986,0.3,"{'kind': 'word', 'word': 'dit'}",False,77
928,928,en,325.4999999999999,0.3,"{'kind': 'word', 'word': 'en'}",False,77
929,929,bâillant,325.84999999999985,0.3,"{'kind': 'word', 'word': 'bâillant'}",False,77
930,930,ah,326.1999999999999,0.3,"{'kind': 'word', 'word': 'ah'}",False,77
931,931,Je,326.54999999999984,0.3,"{'kind': 'word', 'word': 'Je'}",True,78
932,932,me,326.89999999999986,0.3,"{'kind': 'word', 'word': 'me'}",False,78
933,933,réveille,327.2499999999999,0.3,"{'kind': 'word', 'word': 'réveille'}",False,78
934,934,à,327.59999999999985,0.3,"{'kind': 'word', 'word': 'à'}",False,78
935,935,peine,327.9499999999999,0.3,"{'kind': 'word', 'word': 'peine'}",False,78
936,936,Je,328.29999999999984,0.3,"{'kind': 'word', 'word': 'Je'}",True,79
937,937,vous,328.64999999999986,0.3,"{'kind': 'word', 'word': 'vous'}",False,79
938,938,demande,328.9999999999999,0.3,"{'kind': 'word', 'word': 'demande'}",False,79
939,939,pardon,329.34999999999985,0.3,"{'kind': 'word', 'word': 'pardon'}",False,79
940,940,Je,329.6999999999999,0.3,"{'kind': 'word', 'word': 'Je'}",True,80
941,941,suis,330.04999999999984,0.3,"{'kind': 'word', 'word': 'suis'}",False,80
942,942,encore,330.39999999999986,0.3,"{'kind': 'word', 'word': 'encore'}",False,80
943,943,toute,330.7499999999999,0.3,"{'kind': 'word', 'word': 'toute'}",False,80
944,944,décoiffée,331.09999999999985,0.3,"{'kind': 'word', 'word': 'décoiffée'}",False,80
945,945,Le,331.4499999999999,0.3,"{'kind': 'word', 'word': 'Le'}",True,81
946,946,petit,331.79999999999984,0.3,"{'kind': 'word', 'word': 'petit'}",False,81
947,947,prince,332.14999999999986,0.3,"{'kind': 'word', 'word': 'prince'}",False,81
948,948,alors,332.4999999999999,0.3,"{'kind': 'word', 'word': 'alors'}",False,81
949,949,ne,332.84999999999985,0.3,"{'kind': 'word', 'word': 'ne'}",False,81
950,950,put,333.1999999999999,0.3,"{'kind': 'word', 'word': 'put'}",False,81
951,951,contenir,333.54999999999984,0.3,"{'kind': 'word', 'word': 'contenir'}",False,81
952,952,son,333.89999999999986,0.3,"{'kind': 'word', 'word': 'son'}",False,81
953,953,admiration,334.2499999999999,0.3,"{'kind': 'word', 'word': 'admiration'}",False,81
954,954,que,334.59999999999985,0.3,"{'kind': 'word', 'word': 'que'}",False,81
955,955,vous,334.9499999999999,0.3,"{'kind': 'word', 'word': 'vous'}",False,81
956,956,êtes,335.29999999999984,0.3,"{'kind': 'word', 'word': 'êtes'}",False,81
957,957,belle,335.64999999999986,0.3,"{'kind': 'word', 'word': 'belle'}",False,81
958,958,nestce,335.9999999999999,0.3,"{'kind': 'word', 'word': 'nestce'}",False,81
959,959,pas,336.34999999999985,0.3,"{'kind': 'word', 'word': 'pas'}",False,81
960,960,répondit,336.6999999999999,0.3,"{'kind': 'word', 'word': 'répondit'}",False,81
961,961,doucement,337.04999999999984,0.3,"{'kind': 'word', 'word': 'doucement'}",False,81
962,962,la,337.39999999999986,0.3,"{'kind': 'word', 'word': 'la'}",False,81
963,963,fleur,337.7499999999999,0.3,"{'kind': 'word', 'word': 'fleur'}",False,81
964,964,Et,338.09999999999985,0.3,"{'kind': 'word', 'word': 'Et'}",True,82
965,965,je,338.4499999999999,0.3,"{'kind': 'word', 'word': 'je'}",False,82
966,966,suis,338.79999999999984,0.3,"{'kind': 'word', 'word': 'suis'}",False,82
967,967,née,339.14999999999986,0.3,"{'kind': 'word', 'word': 'née'}",False,82
968,968,en,339.4999999999999,0.3,"{'kind': 'word', 'word': 'en'}",False,82
969,969,même,339.84999999999985,0.3,"{'kind': 'word', 'word': 'même'}",False,82
970,970,temps,340.1999999999999,0.3,"{'kind': 'word', 'word': 'temps'}",False,82
971,971,que,340.54999999999984,0.3,"{'kind': 'word', 'word': 'que'}",False,82
972,972,le,340.89999999999986,0.3,"{'kind': 'word', 'word': 'le'}",False,82
973,973,soleil,341.2499999999999,0.3,"{'kind': 'word', 'word': 'soleil'}",False,82
974,974,Le,341.59999999999985,0.3,"{'kind': 'word', 'word': 'Le'}",True,83
975,975,petit,341.9499999999999,0.3,"{'kind': 'word', 'word': 'petit'}",False,83
976,976,prince,342.29999999999984,0.3,"{'kind': 'word', 'word': 'prince'}",False,83
977,977,devina,342.64999999999986,0.3,"{'kind': 'word', 'word': 'devina'}",False,83
978,978,bien,342.9999999999999,0.3,"{'kind': 'word', 'word': 'bien'}",False,83
979,979,quelle,343.34999999999985,0.3,"{'kind': 'word', 'word': 'quelle'}",False,83
980,980,nétait,343.6999999999999,0.3,"{'kind': 'word', 'word': 'nétait'}",False,83
981,981,pas,344.04999999999984,0.3,"{'kind': 'word', 'word': 'pas'}",False,83
982,982,trop,344.39999999999986,0.3,"{'kind': 'word', 'word': 'trop'}",False,83
983,983,modeste,344.74999999999983,0.3,"{'kind': 'word', 'word': 'modeste'}",False,83
984,984,mais,345.09999999999985,0.3,"{'kind': 'word', 'word': 'mais'}",False,83
985,985,elle,345.4499999999999,0.3,"{'kind': 'word', 'word': 'elle'}",False,83
986,986,était,345.79999999999984,0.3,"{'kind': 'word', 'word': 'était'}",False,83
987,987,si,346.14999999999986,0.3,"{'kind': 'word', 'word': 'si'}",False,83
988,988,émouvante,346.49999999999983,0.3,"{'kind': 'word', 'word': 'émouvante'}",False,83
989,989,cest,346.84999999999985,0.3,"{'kind': 'word', 'word': 'cest'}",False,83
990,990,lheure,347.1999999999999,0.3,"{'kind': 'word', 'word': 'lheure'}",False,83
991,991,je,347.54999999999984,0.3,"{'kind': 'word', 'word': 'je'}",False,83
992,992,crois,347.89999999999986,0.3,"{'kind': 'word', 'word': 'crois'}",False,83
993,993,du,348.24999999999983,0.3,"{'kind': 'word', 'word': 'du'}",False,83
994,994,petit,348.59999999999985,0.3,"{'kind': 'word', 'word': 'petit'}",False,83
995,995,déjeuner,348.9499999999999,0.3,"{'kind': 'word', 'word': 'déjeuner'}",False,83
996,996,avaitelle,349.29999999999984,0.3,"{'kind': 'word', 'word': 'avaitelle'}",False,83
997,997,bientôt,349.64999999999986,0.3,"{'kind': 'word', 'word': 'bientôt'}",False,83
998,998,ajouté,349.99999999999983,0.3,"{'kind': 'word', 'word': 'ajouté'}",False,83
999,999,auriezvous,350.34999999999985,0.3,"{'kind': 'word', 'word': 'auriezvous'}",False,83
1000,1000,la,350.6999999999999,0.3,"{'kind': 'word', 'word': 'la'}",False,83
1001,1001,bonté,351.04999999999984,0.3,"{'kind': 'word', 'word': 'bonté'}",False,83
1002,1002,de,351.39999999999986,0.3,"{'kind': 'word', 'word': 'de'}",False,83
1003,1003,penser,351.74999999999983,0.3,"{'kind': 'word', 'word': 'penser'}",False,83
1004,1004,à,352.09999999999985,0.3,"{'kind': 'word', 'word': 'à'}",False,83
1005,1005,moi,352.4499999999999,0.3,"{'kind': 'word', 'word': 'moi'}",False,83
1006,1006,Et,352.79999999999984,0.3,"{'kind': 'word', 'word': 'Et'}",True,84
1007,1007,le,353.14999999999986,0.3,"{'kind': 'word', 'word': 'le'}",False,84
1008,1008,petit,353.49999999999983,0.3,"{'kind': 'word', 'word': 'petit'}",False,84
1009,1009,prince,353.84999999999985,0.3,"{'kind': 'word', 'word': 'prince'}",False,84
1010,1010,tout,354.1999999999999,0.3,"{'kind': 'word', 'word': 'tout'}",False,84
1011,1011,confus,354.54999999999984,0.3,"{'kind': 'word', 'word': 'confus'}",False,84
1012,1012,ayant,354.89999999999986,0.3,"{'kind': 'word', 'word': 'ayant'}",False,84
1013,1013,été,355.24999999999983,0.3,"{'kind': 'word', 'word': 'été'}",False,84
1014,1014,chercher,355.59999999999985,0.3,"{'kind': 'word', 'word': 'chercher'}",False,84
1015,1015,un,355.9499999999999,0.3,"{'kind': 'word', 'word': 'un'}",False,84
1016,1016,arrosoir,356.29999999999984,0.3,"{'kind': 'word', 'word': 'arrosoir'}",False,84
1017,1017,deau,356.64999999999986,0.3,"{'kind': 'word', 'word': 'deau'}",False,84
1018,1018,fraîche,356.99999999999983,0.3,"{'kind': 'word', 'word': 'fraîche'}",False,84
1019,1019,avait,357.34999999999985,0.3,"{'kind': 'word', 'word': 'avait'}",False,84
1020,1020,servi,357.6999999999999,0.3,"{'kind': 'word', 'word': 'servi'}",False,84
1021,1021,la,358.04999999999984,0.3,"{'kind': 'word', 'word': 'la'}",False,84
1022,1022,fleur,358.39999999999986,0.3,"{'kind': 'word', 'word': 'fleur'}",False,84
1023,1023,Ainsi,358.74999999999983,0.3,"{'kind': 'word', 'word': 'Ainsi'}",True,85
1024,1024,lavaitelle,359.09999999999985,0.3,"{'kind': 'word', 'word': 'lavaitelle'}",False,85
1025,1025,bien,359.4499999999999,0.3,"{'kind': 'word', 'word': 'bien'}",False,85
1026,1026,vite,359.79999999999984,0.3,"{'kind': 'word', 'word': 'vite'}",False,85
1027,1027,tourmenté,360.14999999999986,0.3,"{'kind': 'word', 'word': 'tourmenté'}",False,85
1028,1028,par,360.49999999999983,0.3,"{'kind': 'word', 'word': 'par'}",False,85
1029,1029,sa,360.8499999999999,0.3,"{'kind': 'word', 'word': 'sa'}",False,85
1030,1030,vanité,361.1999999999999,0.3,"{'kind': 'word', 'word': 'vanité'}",False,85
1031,1031,un,361.54999999999984,0.3,"{'kind': 'word', 'word': 'un'}",False,85
1032,1032,peu,361.8999999999999,0.3,"{'kind': 'word', 'word': 'peu'}",False,85
1033,1033,ombrageuse,362.24999999999983,0.3,"{'kind': 'word', 'word': 'ombrageuse'}",False,85
1034,1034,Un,362.5999999999999,0.3,"{'kind': 'word', 'word': 'Un'}",True,86
1035,1035,jour,362.9499999999999,0.3,"{'kind': 'word', 'word': 'jour'}",False,86
1036,1036,par,363.29999999999984,0.3,"{'kind': 'word', 'word': 'par'}",False,86
1037,1037,exemple,363.6499999999999,0.3,"{'kind': 'word', 'word': 'exemple'}",False,86
1038,1038,parlant,363.99999999999983,0.3,"{'kind': 'word', 'word': 'parlant'}",False,86
1039,1039,de,364.3499999999999,0.3,"{'kind': 'word', 'word': 'de'}",False,86
1040,1040,ses,364.6999999999999,0.3,"{'kind': 'word', 'word': 'ses'}",False,86
1041,1041,quatre,365.04999999999984,0.3,"{'kind': 'word', 'word': 'quatre'}",False,86
1042,1042,épines,365.3999999999999,0.3,"{'kind': 'word', 'word': 'épines'}",False,86
1043,1043,elle,365.74999999999983,0.3,"{'kind': 'word', 'word': 'elle'}",False,86
1044,1044,avait,366.0999999999999,0.3,"{'kind': 'word', 'word': 'avait'}",False,86
1045,1045,dit,366.4499999999999,0.3,"{'kind': 'word', 'word': 'dit'}",False,86
1046,1046,au,366.79999999999984,0.3,"{'kind': 'word', 'word': 'au'}",False,86
1047,1047,petit,367.1499999999999,0.3,"{'kind': 'word', 'word': 'petit'}",False,86
1048,1048,prince,367.49999999999983,0.3,"{'kind': 'word', 'word': 'prince'}",False,86
1049,1049,ils,367.8499999999999,0.3,"{'kind': 'word', 'word': 'ils'}",False,86
1050,1050,peuvent,368.1999999999999,0.3,"{'kind': 'word', 'word': 'peuvent'}",False,86
1051,1051,venir,368.54999999999984,0.3,"{'kind': 'word', 'word': 'venir'}",False,86
1052,1052,les,368.8999999999999,0.3,"{'kind': 'word', 'word': 'les'}",False,86
1053,1053,tigres,369.24999999999983,0.3,"{'kind': 'word', 'word': 'tigres'}",False,86
1054,1054,avec,369.5999999999999,0.3,"{'kind': 'word', 'word': 'avec'}",False,86
1055,1055,leurs,369.9499999999999,0.3,"{'kind': 'word', 'word': 'leurs'}",False,86
1056,1056,griffes,370.29999999999984,0.3,"{'kind': 'word', 'word': 'griffes'}",False,86
1057,1057,il,370.6499999999999,0.3,"{'kind': 'word', 'word': 'il'}",False,86
1058,1058,ny,370.99999999999983,0.3,"{'kind': 'word', 'word': 'ny'}",False,86
1059,1059,a,371.3499999999999,0.3,"{'kind': 'word', 'word': 'a'}",False,86
1060,1060,pas,371.6999999999999,0.3,"{'kind': 'word', 'word': 'pas'}",False,86
1061,1061,de,372.04999999999984,0.3,"{'kind': 'word', 'word': 'de'}",False,86
1062,1062,tigres,372.3999999999999,0.3,"{'kind': 'word', 'word': 'tigres'}",False,86
1063,1063,sur,372.74999999999983,0.3,"{'kind': 'word', 'word': 'sur'}",False,86
1064,1064,ma,373.0999999999999,0.3,"{'kind': 'word', 'word': 'ma'}",False,86
1065,1065,planète,373.4499999999999,0.3,"{'kind': 'word', 'word': 'planète'}",False,86
1066,1066,avait,373.79999999999984,0.3,"{'kind': 'word', 'word': 'avait'}",False,86
1067,1067,objecté,374.1499999999999,0.3,"{'kind': 'word', 'word': 'objecté'}",False,86
1068,1068,le,374.49999999999983,0.3,"{'kind': 'word', 'word': 'le'}",False,86
1069,1069,petit,374.8499999999999,0.3,"{'kind': 'word', 'word': 'petit'}",False,86
1070,1070,prince,375.1999999999998,0.3,"{'kind': 'word', 'word': 'prince'}",False,86
1071,1071,et,375.54999999999984,0.3,"{'kind': 'word', 'word': 'et'}",False,86
1072,1072,puis,375.8999999999999,0.3,"{'kind': 'word', 'word': 'puis'}",False,86
1073,1073,les,376.24999999999983,0.3,"{'kind': 'word', 'word': 'les'}",False,86
1074,1074,tigres,376.5999999999999,0.3,"{'kind': 'word', 'word': 'tigres'}",False,86
1075,1075,ne,376.9499999999998,0.3,"{'kind': 'word', 'word': 'ne'}",False,86
1076,1076,mangent,377.29999999999984,0.3,"{'kind': 'word', 'word': 'mangent'}",False,86
1077,1077,pas,377.6499999999999,0.3,"{'kind': 'word', 'word': 'pas'}",False,86
1078,1078,dherbe,377.99999999999983,0.3,"{'kind': 'word', 'word': 'dherbe'}",False,86
1079,1079,je,378.3499999999999,0.3,"{'kind': 'word', 'word': 'je'}",False,86
1080,1080,ne,378.6999999999998,0.3,"{'kind': 'word', 'word': 'ne'}",False,86
1081,1081,suis,379.04999999999984,0.3,"{'kind': 'word', 'word': 'suis'}",False,86
1082,1082,pas,379.3999999999999,0.3,"{'kind': 'word', 'word': 'pas'}",False,86
1083,1083,une,379.74999999999983,0.3,"{'kind': 'word', 'word': 'une'}",False,86
1084,1084,herbe,380.0999999999999,0.3,"{'kind': 'word', 'word': 'herbe'}",False,86
1085,1085,avait,380.4499999999998,0.3,"{'kind': 'word', 'word': 'avait'}",False,86
1086,1086,doucement,380.79999999999984,0.3,"{'kind': 'word', 'word': 'doucement'}",False,86
1087,1087,répondu,381.1499999999999,0.3,"{'kind': 'word', 'word': 'répondu'}",False,86
1088,1088,la,381.49999999999983,0.3,"{'kind': 'word', 'word': 'la'}",False,86
1089,1089,fleur,381.8499999999999,0.3,"{'kind': 'word', 'word': 'fleur'}",False,86
1090,1090,pardonnezmoi,382.1999999999998,0.3,"{'kind': 'word', 'word': 'pardonnezmoi'}",False,86
1091,1091,je,382.54999999999984,0.3,"{'kind': 'word', 'word': 'je'}",False,86
1092,1092,ne,382.8999999999999,0.3,"{'kind': 'word', 'word': 'ne'}",False,86
1093,1093,crains,383.24999999999983,0.3,"{'kind': 'word', 'word': 'crains'}",False,86
1094,1094,rien,383.5999999999999,0.3,"{'kind': 'word', 'word': 'rien'}",False,86
1095,1095,des,383.9499999999998,0.3,"{'kind': 'word', 'word': 'des'}",False,86
1096,1096,tigres,384.29999999999984,0.3,"{'kind': 'word', 'word': 'tigres'}",False,86
1097,1097,mais,384.6499999999999,0.3,"{'kind': 'word', 'word': 'mais'}",False,86
1098,1098,jai,384.99999999999983,0.3,"{'kind': 'word', 'word': 'jai'}",False,86
1099,1099,horreur,385.3499999999999,0.3,"{'kind': 'word', 'word': 'horreur'}",False,86
1100,1100,des,385.6999999999998,0.3,"{'kind': 'word', 'word': 'des'}",False,86
1101,1101,courants,386.04999999999984,0.3,"{'kind': 'word', 'word': 'courants'}",False,86
1102,1102,dair,386.3999999999999,0.3,"{'kind': 'word', 'word': 'dair'}",False,86
1103,1103,Vous,386.74999999999983,0.3,"{'kind': 'word', 'word': 'Vous'}",True,87
1104,1104,nauriez,387.0999999999999,0.3,"{'kind': 'word', 'word': 'nauriez'}",False,87
1105,1105,pas,387.4499999999998,0.3,"{'kind': 'word', 'word': 'pas'}",False,87
1106,1106,un,387.79999999999984,0.3,"{'kind': 'word', 'word': 'un'}",False,87
1107,1107,paravent,388.1499999999999,0.3,"{'kind': 'word', 'word': 'paravent'}",False,87
1108,1108,horreur,388.49999999999983,0.3,"{'kind': 'word', 'word': 'horreur'}",False,87
1109,1109,des,388.8499999999999,0.3,"{'kind': 'word', 'word': 'des'}",False,87
1110,1110,courants,389.1999999999998,0.3,"{'kind': 'word', 'word': 'courants'}",False,87
1111,1111,dair,389.54999999999984,0.3,"{'kind': 'word', 'word': 'dair'}",False,87
1112,1112,Ce,389.8999999999999,0.3,"{'kind': 'word', 'word': 'Ce'}",True,88
1113,1113,nest,390.24999999999983,0.3,"{'kind': 'word', 'word': 'nest'}",False,88
1114,1114,pas,390.5999999999999,0.3,"{'kind': 'word', 'word': 'pas'}",False,88
1115,1115,de,390.9499999999998,0.3,"{'kind': 'word', 'word': 'de'}",False,88
1116,1116,chance,391.29999999999984,0.3,"{'kind': 'word', 'word': 'chance'}",False,88
1117,1117,pour,391.6499999999999,0.3,"{'kind': 'word', 'word': 'pour'}",False,88
1118,1118,une,391.99999999999983,0.3,"{'kind': 'word', 'word': 'une'}",False,88
1119,1119,plante,392.3499999999999,0.3,"{'kind': 'word', 'word': 'plante'}",False,88
1120,1120,avait,392.6999999999998,0.3,"{'kind': 'word', 'word': 'avait'}",False,88
1121,1121,remarqué,393.04999999999984,0.3,"{'kind': 'word', 'word': 'remarqué'}",False,88
1122,1122,le,393.3999999999999,0.3,"{'kind': 'word', 'word': 'le'}",False,88
1123,1123,petit,393.74999999999983,0.3,"{'kind': 'word', 'word': 'petit'}",False,88
1124,1124,prince,394.0999999999999,0.3,"{'kind': 'word', 'word': 'prince'}",False,88
1125,1125,Cette,394.4499999999998,0.3,"{'kind': 'word', 'word': 'Cette'}",True,89
1126,1126,fleur,394.79999999999984,0.3,"{'kind': 'word', 'word': 'fleur'}",False,89
1127,1127,est,395.1499999999999,0.3,"{'kind': 'word', 'word': 'est'}",False,89
1128,1128,bien,395.49999999999983,0.3,"{'kind': 'word', 'word': 'bien'}",False,89
1129,1129,compliquée,395.8499999999999,0.3,"{'kind': 'word', 'word': 'compliquée'}",False,89
1130,1130,le,396.1999999999998,0.3,"{'kind': 'word', 'word': 'le'}",False,89
1131,1131,soir,396.54999999999984,0.3,"{'kind': 'word', 'word': 'soir'}",False,89
1132,1132,vous,396.8999999999999,0.3,"{'kind': 'word', 'word': 'vous'}",False,89
1133,1133,me,397.24999999999983,0.3,"{'kind': 'word', 'word': 'me'}",False,89
1134,1134,mettrez,397.5999999999999,0.3,"{'kind': 'word', 'word': 'mettrez'}",False,89
1135,1135,sous,397.9499999999998,0.3,"{'kind': 'word', 'word': 'sous'}",False,89
1136,1136,globe,398.29999999999984,0.3,"{'kind': 'word', 'word': 'globe'}",False,89
1137,1137,Il,398.6499999999999,0.3,"{'kind': 'word', 'word': 'Il'}",True,90
1138,1138,fait,398.99999999999983,0.3,"{'kind': 'word', 'word': 'fait'}",False,90
1139,1139,très,399.3499999999999,0.3,"{'kind': 'word', 'word': 'très'}",False,90
1140,1140,froid,399.6999999999998,0.3,"{'kind': 'word', 'word': 'froid'}",False,90
1141,1141,chez,400.04999999999984,0.3,"{'kind': 'word', 'word': 'chez'}",False,90
1142,1142,vous,400.3999999999999,0.3,"{'kind': 'word', 'word': 'vous'}",False,90
1143,1143,Cest,400.74999999999983,0.3,"{'kind': 'word', 'word': 'Cest'}",True,91
1144,1144,mal,401.0999999999999,0.3,"{'kind': 'word', 'word': 'mal'}",False,91
1145,1145,installé,401.4499999999998,0.3,"{'kind': 'word', 'word': 'installé'}",False,91
1146,1146,Là,401.79999999999984,0.3,"{'kind': 'word', 'word': 'Là'}",True,92
1147,1147,doù,402.1499999999999,0.3,"{'kind': 'word', 'word': 'doù'}",False,92
1148,1148,je,402.49999999999983,0.3,"{'kind': 'word', 'word': 'je'}",False,92
1149,1149,viens,402.8499999999999,0.3,"{'kind': 'word', 'word': 'viens'}",False,92
1150,1150,Mais,403.1999999999998,0.3,"{'kind': 'word', 'word': 'Mais'}",True,93
1151,1151,elle,403.54999999999984,0.3,"{'kind': 'word', 'word': 'elle'}",False,93
1152,1152,sétait,403.8999999999998,0.3,"{'kind': 'word', 'word': 'sétait'}",False,93
1153,1153,interrompue,404.24999999999983,0.3,"{'kind': 'word', 'word': 'interrompue'}",False,93
1154,1154,Elle,404.5999999999999,0.3,"{'kind': 'word', 'word': 'Elle'}",True,94
1155,1155,était,404.9499999999998,0.3,"{'kind': 'word', 'word': 'était'}",False,94
1156,1156,venue,405.29999999999984,0.3,"{'kind': 'word', 'word': 'venue'}",False,94
1157,1157,sous,405.6499999999998,0.3,"{'kind': 'word', 'word': 'sous'}",False,94
1158,1158,forme,405.99999999999983,0.3,"{'kind': 'word', 'word': 'forme'}",False,94
1159,1159,de,406.3499999999999,0.3,"{'kind': 'word', 'word': 'de'}",False,94
1160,1160,graine,406.6999999999998,0.3,"{'kind': 'word', 'word': 'graine'}",False,94
1161,1161,Elle,407.04999999999984,0.3,"{'kind': 'word', 'word': 'Elle'}",True,95
1162,1162,navait,407.3999999999998,0.3,"{'kind': 'word', 'word': 'navait'}",False,95
1163,1163,rien,407.74999999999983,0.3,"{'kind': 'word', 'word': 'rien'}",False,95
1164,1164,pu,408.0999999999999,0.3,"{'kind': 'word', 'word': 'pu'}",False,95
1165,1165,connaître,408.4499999999998,0.3,"{'kind': 'word', 'word': 'connaître'}",False,95
1166,1166,des,408.79999999999984,0.3,"{'kind': 'word', 'word': 'des'}",False,95
1167,1167,autres,409.1499999999998,0.3,"{'kind': 'word', 'word': 'autres'}",False,95
1168,1168,mondes,409.49999999999983,0.3,"{'kind': 'word', 'word': 'mondes'}",False,95
1169,1169,Humiliée,409.8499999999999,0.3,"{'kind': 'word', 'word': 'Humiliée'}",True,96
1170,1170,de,410.1999999999998,0.3,"{'kind': 'word', 'word': 'de'}",False,96
1171,1171,sêtre,410.54999999999984,0.3,"{'kind': 'word', 'word': 'sêtre'}",False,96
1172,1172,laissé,410.8999999999998,0.3,"{'kind': 'word', 'word': 'laissé'}",False,96
1173,1173,surprendre,411.24999999999983,0.3,"{'kind': 'word', 'word': 'surprendre'}",False,96
1174,1174,à,411.5999999999999,0.3,"{'kind': 'word', 'word': 'à'}",False,96
1175,1175,préparer,411.9499999999998,0.3,"{'kind': 'word', 'word': 'préparer'}",False,96
1176,1176,un,412.29999999999984,0.3,"{'kind': 'word', 'word': 'un'}",False,96
1177,1177,mensonge,412.6499999999998,0.3,"{'kind': 'word', 'word': 'mensonge'}",False,96
1178,1178,aussi,412.99999999999983,0.3,"{'kind': 'word', 'word': 'aussi'}",False,96
1179,1179,naïf,413.3499999999999,0.3,"{'kind': 'word', 'word': 'naïf'}",False,96
1180,1180,elle,413.6999999999998,0.3,"{'kind': 'word', 'word': 'elle'}",False,96
1181,1181,avait,414.04999999999984,0.3,"{'kind': 'word', 'word': 'avait'}",False,96
1182,1182,toussé,414.3999999999998,0.3,"{'kind': 'word', 'word': 'toussé'}",False,96
1183,1183,deux,414.74999999999983,0.3,"{'kind': 'word', 'word': 'deux'}",False,96
1184,1184,ou,415.0999999999999,0.3,"{'kind': 'word', 'word': 'ou'}",False,96
1185,1185,trois,415.4499999999998,0.3,"{'kind': 'word', 'word': 'trois'}",False,96
1186,1186,fois,415.79999999999984,0.3,"{'kind': 'word', 'word': 'fois'}",False,96
1187,1187,pour,416.1499999999998,0.3,"{'kind': 'word', 'word': 'pour'}",False,96
1188,1188,mettre,416.49999999999983,0.3,"{'kind': 'word', 'word': 'mettre'}",False,96
1189,1189,le,416.8499999999999,0.3,"{'kind': 'word', 'word': 'le'}",False,96
1190,1190,petit,417.1999999999998,0.3,"{'kind': 'word', 'word': 'petit'}",False,96
1191,1191,prince,417.54999999999984,0.3,"{'kind': 'word', 'word': 'prince'}",False,96
1192,1192,dans,417.8999999999998,0.3,"{'kind': 'word', 'word': 'dans'}",False,96
1193,1193,son,418.24999999999983,0.3,"{'kind': 'word', 'word': 'son'}",False,96
1194,1194,tort,418.5999999999999,0.3,"{'kind': 'word', 'word': 'tort'}",False,96
1195,1195,ce,418.9499999999998,0.3,"{'kind': 'word', 'word': 'ce'}",False,96
1196,1196,paravent,419.29999999999984,0.3,"{'kind': 'word', 'word': 'paravent'}",False,96
1197,1197,jallais,419.6499999999998,0.3,"{'kind': 'word', 'word': 'jallais'}",False,96
1198,1198,le,419.99999999999983,0.3,"{'kind': 'word', 'word': 'le'}",False,96
1199,1199,chercher,420.3499999999999,0.3,"{'kind': 'word', 'word': 'chercher'}",False,96
1200,1200,mais,420.6999999999998,0.3,"{'kind': 'word', 'word': 'mais'}",False,96
1201,1201,vous,421.04999999999984,0.3,"{'kind': 'word', 'word': 'vous'}",False,96
1202,1202,me,421.3999999999998,0.3,"{'kind': 'word', 'word': 'me'}",False,96
1203,1203,parliez,421.74999999999983,0.3,"{'kind': 'word', 'word': 'parliez'}",False,96
1204,1204,Alors,422.0999999999999,0.3,"{'kind': 'word', 'word': 'Alors'}",True,97
1205,1205,elle,422.4499999999998,0.3,"{'kind': 'word', 'word': 'elle'}",False,97
1206,1206,avait,422.79999999999984,0.3,"{'kind': 'word', 'word': 'avait'}",False,97
1207,1207,forcé,423.1499999999998,0.3,"{'kind': 'word', 'word': 'forcé'}",False,97
1208,1208,sa,423.49999999999983,0.3,"{'kind': 'word', 'word': 'sa'}",False,97
1209,1209,toux,423.8499999999999,0.3,"{'kind': 'word', 'word': 'toux'}",False,97
1210,1210,pour,424.1999999999998,0.3,"{'kind': 'word', 'word': 'pour'}",False,97
1211,1211,lui,424.54999999999984,0.3,"{'kind': 'word', 'word': 'lui'}",False,97
1212,1212,infliger,424.8999999999998,0.3,"{'kind': 'word', 'word': 'infliger'}",False,97
1213,1213,quand,425.24999999999983,0.3,"{'kind': 'word', 'word': 'quand'}",False,97
1214,1214,même,425.5999999999999,0.3,"{'kind': 'word', 'word': 'même'}",False,97
1215,1215,des,425.9499999999998,0.3,"{'kind': 'word', 'word': 'des'}",False,97
1216,1216,remords,426.29999999999984,0.3,"{'kind': 'word', 'word': 'remords'}",False,97
1217,1217,Ainsi,426.6499999999998,0.3,"{'kind': 'word', 'word': 'Ainsi'}",True,98
1218,1218,le,426.99999999999983,0.3,"{'kind': 'word', 'word': 'le'}",False,98
1219,1219,petit,427.3499999999999,0.3,"{'kind': 'word', 'word': 'petit'}",False,98
1220,1220,prince,427.6999999999998,0.3,"{'kind': 'word', 'word': 'prince'}",False,98
1221,1221,malgré,428.04999999999984,0.3,"{'kind': 'word', 'word': 'malgré'}",False,98
1222,1222,la,428.3999999999998,0.3,"{'kind': 'word', 'word': 'la'}",False,98
1223,1223,bonne,428.74999999999983,0.3,"{'kind': 'word', 'word': 'bonne'}",False,98
1224,1224,volonté,429.0999999999999,0.3,"{'kind': 'word', 'word': 'volonté'}",False,98
1225,1225,de,429.4499999999998,0.3,"{'kind': 'word', 'word': 'de'}",False,98
1226,1226,son,429.79999999999984,0.3,"{'kind': 'word', 'word': 'son'}",False,98
1227,1227,amour,430.1499999999998,0.3,"{'kind': 'word', 'word': 'amour'}",False,98
1228,1228,avait,430.49999999999983,0.3,"{'kind': 'word', 'word': 'avait'}",False,98
1229,1229,vite,430.8499999999999,0.3,"{'kind': 'word', 'word': 'vite'}",False,98
1230,1230,douté,431.1999999999998,0.3,"{'kind': 'word', 'word': 'douté'}",False,98
1231,1231,delle,431.54999999999984,0.3,"{'kind': 'word', 'word': 'delle'}",False,98
1232,1232,Il,431.8999999999998,0.3,"{'kind': 'word', 'word': 'Il'}",True,99
1233,1233,avait,432.24999999999983,0.3,"{'kind': 'word', 'word': 'avait'}",False,99
1234,1234,pris,432.5999999999999,0.3,"{'kind': 'word', 'word': 'pris'}",False,99
1235,1235,au,432.9499999999998,0.3,"{'kind': 'word', 'word': 'au'}",False,99
1236,1236,sérieux,433.29999999999984,0.3,"{'kind': 'word', 'word': 'sérieux'}",False,99
1237,1237,des,433.6499999999998,0.3,"{'kind': 'word', 'word': 'des'}",False,99
1238,1238,mots,433.99999999999983,0.3,"{'kind': 'word', 'word': 'mots'}",False,99
1239,1239,sans,434.3499999999998,0.3,"{'kind': 'word', 'word': 'sans'}",False,99
1240,1240,importance,434.6999999999998,0.3,"{'kind': 'word', 'word': 'importance'}",False,99
1241,1241,et,435.04999999999984,0.3,"{'kind': 'word', 'word': 'et'}",False,99
1242,1242,était,435.3999999999998,0.3,"{'kind': 'word', 'word': 'était'}",False,99
1243,1243,devenu,435.74999999999983,0.3,"{'kind': 'word', 'word': 'devenu'}",False,99
1244,1244,très,436.0999999999998,0.3,"{'kind': 'word', 'word': 'très'}",False,99
1245,1245,malheureux,436.4499999999998,0.3,"{'kind': 'word', 'word': 'malheureux'}",False,99
1246,1246,jaurais,436.79999999999984,0.3,"{'kind': 'word', 'word': 'jaurais'}",False,99
1247,1247,dû,437.1499999999998,0.3,"{'kind': 'word', 'word': 'dû'}",False,99
1248,1248,ne,437.49999999999983,0.3,"{'kind': 'word', 'word': 'ne'}",False,99
1249,1249,pas,437.8499999999998,0.3,"{'kind': 'word', 'word': 'pas'}",False,99
1250,1250,lécouter,438.1999999999998,0.3,"{'kind': 'word', 'word': 'lécouter'}",False,99
1251,1251,me,438.54999999999984,0.3,"{'kind': 'word', 'word': 'me'}",False,99
1252,1252,confiatil,438.8999999999998,0.3,"{'kind': 'word', 'word': 'confiatil'}",False,99
1253,1253,un,439.24999999999983,0.3,"{'kind': 'word', 'word': 'un'}",False,99
1254,1254,jour,439.5999999999998,0.3,"{'kind': 'word', 'word': 'jour'}",False,99
1255,1255,il,439.9499999999998,0.3,"{'kind': 'word', 'word': 'il'}",False,99
1256,1256,ne,440.29999999999984,0.3,"{'kind': 'word', 'word': 'ne'}",False,99
1257,1257,faut,440.6499999999998,0.3,"{'kind': 'word', 'word': 'faut'}",False,99
1258,1258,jamais,440.99999999999983,0.3,"{'kind': 'word', 'word': 'jamais'}",False,99
1259,1259,écouter,441.3499999999998,0.3,"{'kind': 'word', 'word': 'écouter'}",False,99
1260,1260,les,441.6999999999998,0.3,"{'kind': 'word', 'word': 'les'}",False,99
1261,1261,fleurs,442.04999999999984,0.3,"{'kind': 'word', 'word': 'fleurs'}",False,99
1262,1262,Il,442.3999999999998,0.3,"{'kind': 'word', 'word': 'Il'}",True,100
1263,1263,faut,442.74999999999983,0.3,"{'kind': 'word', 'word': 'faut'}",False,100
1264,1264,les,443.0999999999998,0.3,"{'kind': 'word', 'word': 'les'}",False,100
1265,1265,regarder,443.4499999999998,0.3,"{'kind': 'word', 'word': 'regarder'}",False,100
1266,1266,et,443.79999999999984,0.3,"{'kind': 'word', 'word': 'et'}",False,100
1267,1267,les,444.1499999999998,0.3,"{'kind': 'word', 'word': 'les'}",False,100
1268,1268,respirer,444.49999999999983,0.3,"{'kind': 'word', 'word': 'respirer'}",False,100
1269,1269,La,444.8499999999998,0.3,"{'kind': 'word', 'word': 'La'}",True,101
1270,1270,mienne,445.1999999999998,0.3,"{'kind': 'word', 'word': 'mienne'}",False,101
1271,1271,embaumait,445.54999999999984,0.3,"{'kind': 'word', 'word': 'embaumait'}",False,101
1272,1272,ma,445.8999999999998,0.3,"{'kind': 'word', 'word': 'ma'}",False,101
1273,1273,planète,446.24999999999983,0.3,"{'kind': 'word', 'word': 'planète'}",False,101
1274,1274,mais,446.5999999999998,0.3,"{'kind': 'word', 'word': 'mais'}",False,101
1275,1275,je,446.9499999999998,0.3,"{'kind': 'word', 'word': 'je'}",False,101
1276,1276,ne,447.29999999999984,0.3,"{'kind': 'word', 'word': 'ne'}",False,101
1277,1277,savais,447.6499999999998,0.3,"{'kind': 'word', 'word': 'savais'}",False,101
1278,1278,pas,447.99999999999983,0.3,"{'kind': 'word', 'word': 'pas'}",False,101
1279,1279,men,448.3499999999998,0.3,"{'kind': 'word', 'word': 'men'}",False,101
1280,1280,réjouir,448.6999999999998,0.3,"{'kind': 'word', 'word': 'réjouir'}",False,101
1281,1281,Cette,449.04999999999984,0.3,"{'kind': 'word', 'word': 'Cette'}",True,102
1282,1282,histoire,449.3999999999998,0.3,"{'kind': 'word', 'word': 'histoire'}",False,102
1283,1283,de,449.74999999999983,0.3,"{'kind': 'word', 'word': 'de'}",False,102
1284,1284,griffes,450.0999999999998,0.3,"{'kind': 'word', 'word': 'griffes'}",False,102
1285,1285,qui,450.4499999999998,0.3,"{'kind': 'word', 'word': 'qui'}",False,102
1286,1286,mavait,450.79999999999984,0.3,"{'kind': 'word', 'word': 'mavait'}",False,102
1287,1287,tellement,451.1499999999998,0.3,"{'kind': 'word', 'word': 'tellement'}",False,102
1288,1288,agacé,451.49999999999983,0.3,"{'kind': 'word', 'word': 'agacé'}",False,102
1289,1289,eût,451.8499999999998,0.3,"{'kind': 'word', 'word': 'eût'}",False,102
1290,1290,dû,452.1999999999998,0.3,"{'kind': 'word', 'word': 'dû'}",False,102
1291,1291,mattendrir,452.54999999999984,0.3,"{'kind': 'word', 'word': 'mattendrir'}",False,102
1292,1292,Il,452.8999999999998,0.3,"{'kind': 'word', 'word': 'Il'}",True,103
1293,1293,me,453.24999999999983,0.3,"{'kind': 'word', 'word': 'me'}",False,103
1294,1294,confia,453.5999999999998,0.3,"{'kind': 'word', 'word': 'confia'}",False,103
1295,1295,encore,453.9499999999998,0.3,"{'kind': 'word', 'word': 'encore'}",False,103
1296,1296,je,454.29999999999984,0.3,"{'kind': 'word', 'word': 'je'}",False,103
1297,1297,nai,454.6499999999998,0.3,"{'kind': 'word', 'word': 'nai'}",False,103
1298,1298,alors,454.99999999999983,0.3,"{'kind': 'word', 'word': 'alors'}",False,103
1299,1299,rien,455.3499999999998,0.3,"{'kind': 'word', 'word': 'rien'}",False,103
1300,1300,su,455.6999999999998,0.3,"{'kind': 'word', 'word': 'su'}",False,103
1301,1301,comprendre,456.04999999999984,0.3,"{'kind': 'word', 'word': 'comprendre'}",False,103
1302,1302,Jaurais,456.3999999999998,0.3,"{'kind': 'word', 'word': 'Jaurais'}",True,104
1303,1303,dû,456.74999999999983,0.3,"{'kind': 'word', 'word': 'dû'}",False,104
1304,1304,la,457.0999999999998,0.3,"{'kind': 'word', 'word': 'la'}",False,104
1305,1305,juger,457.4499999999998,0.3,"{'kind': 'word', 'word': 'juger'}",False,104
1306,1306,sur,457.79999999999984,0.3,"{'kind': 'word', 'word': 'sur'}",False,104
1307,1307,les,458.1499999999998,0.3,"{'kind': 'word', 'word': 'les'}",False,104
1308,1308,actes,458.49999999999983,0.3,"{'kind': 'word', 'word': 'actes'}",False,104
1309,1309,et,458.8499999999998,0.3,"{'kind': 'word', 'word': 'et'}",False,104
1310,1310,non,459.1999999999998,0.3,"{'kind': 'word', 'word': 'non'}",False,104
1311,1311,sur,459.54999999999984,0.3,"{'kind': 'word', 'word': 'sur'}",False,104
1312,1312,les,459.8999999999998,0.3,"{'kind': 'word', 'word': 'les'}",False,104
1313,1313,mots,460.24999999999983,0.3,"{'kind': 'word', 'word': 'mots'}",False,104
1314,1314,Elle,460.5999999999998,0.3,"{'kind': 'word', 'word': 'Elle'}",True,105
1315,1315,membaumait,460.9499999999998,0.3,"{'kind': 'word', 'word': 'membaumait'}",False,105
1316,1316,et,461.29999999999984,0.3,"{'kind': 'word', 'word': 'et'}",False,105
1317,1317,méclairait,461.6499999999998,0.3,"{'kind': 'word', 'word': 'méclairait'}",False,105
1318,1318,Je,461.99999999999983,0.3,"{'kind': 'word', 'word': 'Je'}",True,106
1319,1319,naurais,462.3499999999998,0.3,"{'kind': 'word', 'word': 'naurais'}",False,106
1320,1320,jamais,462.6999999999998,0.3,"{'kind': 'word', 'word': 'jamais'}",False,106
1321,1321,dû,463.04999999999984,0.3,"{'kind': 'word', 'word': 'dû'}",False,106
1322,1322,menfuir,463.3999999999998,0.3,"{'kind': 'word', 'word': 'menfuir'}",False,106
1323,1323,Jaurais,463.74999999999983,0.3,"{'kind': 'word', 'word': 'Jaurais'}",True,107
1324,1324,dû,464.0999999999998,0.3,"{'kind': 'word', 'word': 'dû'}",False,107
1325,1325,deviner,464.4499999999998,0.3,"{'kind': 'word', 'word': 'deviner'}",False,107
1326,1326,sa,464.7999999999998,0.3,"{'kind': 'word', 'word': 'sa'}",False,107
1327,1327,tendresse,465.1499999999998,0.3,"{'kind': 'word', 'word': 'tendresse'}",False,107
1328,1328,derrière,465.49999999999983,0.3,"{'kind': 'word', 'word': 'derrière'}",False,107
1329,1329,ses,465.8499999999998,0.3,"{'kind': 'word', 'word': 'ses'}",False,107
1330,1330,pauvres,466.1999999999998,0.3,"{'kind': 'word', 'word': 'pauvres'}",False,107
1331,1331,ruses,466.5499999999998,0.3,"{'kind': 'word', 'word': 'ruses'}",False,107
1332,1332,Les,466.8999999999998,0.3,"{'kind': 'word', 'word': 'Les'}",True,108
1333,1333,fleurs,467.24999999999983,0.3,"{'kind': 'word', 'word': 'fleurs'}",False,108
1334,1334,sont,467.5999999999998,0.3,"{'kind': 'word', 'word': 'sont'}",False,108
1335,1335,si,467.9499999999998,0.3,"{'kind': 'word', 'word': 'si'}",False,108
1336,1336,contradictoires,468.2999999999998,0.3,"{'kind': 'word', 'word': 'contradictoires'}",False,108
1337,1337,Mais,468.6499999999998,0.3,"{'kind': 'word', 'word': 'Mais'}",True,109
1338,1338,jétais,468.99999999999983,0.3,"{'kind': 'word', 'word': 'jétais'}",False,109
1339,1339,trop,469.3499999999998,0.3,"{'kind': 'word', 'word': 'trop'}",False,109
1340,1340,jeune,469.6999999999998,0.3,"{'kind': 'word', 'word': 'jeune'}",False,109
1341,1341,pour,470.0499999999998,0.3,"{'kind': 'word', 'word': 'pour'}",False,109
1342,1342,savoir,470.3999999999998,0.3,"{'kind': 'word', 'word': 'savoir'}",False,109
1343,1343,laimer,470.74999999999983,0.3,"{'kind': 'word', 'word': 'laimer'}",False,109
1344,1344,Je,471.0999999999998,0.3,"{'kind': 'word', 'word': 'Je'}",True,110
1345,1345,crois,471.4499999999998,0.3,"{'kind': 'word', 'word': 'crois'}",False,110
1346,1346,quil,471.7999999999998,0.3,"{'kind': 'word', 'word': 'quil'}",False,110
1347,1347,profita,472.1499999999998,0.3,"{'kind': 'word', 'word': 'profita'}",False,110
1348,1348,pour,472.49999999999983,0.3,"{'kind': 'word', 'word': 'pour'}",False,110
1349,1349,son,472.8499999999998,0.3,"{'kind': 'word', 'word': 'son'}",False,110
1350,1350,évasion,473.1999999999998,0.3,"{'kind': 'word', 'word': 'évasion'}",False,110
1351,1351,dune,473.5499999999998,0.3,"{'kind': 'word', 'word': 'dune'}",False,110
1352,1352,migration,473.8999999999998,0.3,"{'kind': 'word', 'word': 'migration'}",False,110
1353,1353,doiseaux,474.24999999999983,0.3,"{'kind': 'word', 'word': 'doiseaux'}",False,110
1354,1354,sauvages,474.5999999999998,0.3,"{'kind': 'word', 'word': 'sauvages'}",False,110
1355,1355,Au,474.9499999999998,0.3,"{'kind': 'word', 'word': 'Au'}",True,111
1356,1356,matin,475.2999999999998,0.3,"{'kind': 'word', 'word': 'matin'}",False,111
1357,1357,du,475.6499999999998,0.3,"{'kind': 'word', 'word': 'du'}",False,111
1358,1358,départ,475.99999999999983,0.3,"{'kind': 'word', 'word': 'départ'}",False,111
1359,1359,il,476.3499999999998,0.3,"{'kind': 'word', 'word': 'il'}",False,111
1360,1360,mit,476.6999999999998,0.3,"{'kind': 'word', 'word': 'mit'}",False,111
1361,1361,sa,477.0499999999998,0.3,"{'kind': 'word', 'word': 'sa'}",False,111
1362,1362,planète,477.3999999999998,0.3,"{'kind': 'word', 'word': 'planète'}",False,111
1363,1363,bien,477.74999999999983,0.3,"{'kind': 'word', 'word': 'bien'}",False,111
1364,1364,en,478.0999999999998,0.3,"{'kind': 'word', 'word': 'en'}",False,111
1365,1365,ordre,478.4499999999998,0.3,"{'kind': 'word', 'word': 'ordre'}",False,111
1366,1366,Il,478.7999999999998,0.3,"{'kind': 'word', 'word': 'Il'}",True,112
1367,1367,ramona,479.1499999999998,0.3,"{'kind': 'word', 'word': 'ramona'}",False,112
1368,1368,soigneusement,479.49999999999983,0.3,"{'kind': 'word', 'word': 'soigneusement'}",False,112
1369,1369,ses,479.8499999999998,0.3,"{'kind': 'word', 'word': 'ses'}",False,112
1370,1370,volcans,480.1999999999998,0.3,"{'kind': 'word', 'word': 'volcans'}",False,112
1371,1371,en,480.5499999999998,0.3,"{'kind': 'word', 'word': 'en'}",False,112
1372,1372,activité,480.8999999999998,0.3,"{'kind': 'word', 'word': 'activité'}",False,112
1373,1373,Il,481.24999999999983,0.3,"{'kind': 'word', 'word': 'Il'}",True,113
1374,1374,possédait,481.5999999999998,0.3,"{'kind': 'word', 'word': 'possédait'}",False,113
1375,1375,deux,481.9499999999998,0.3,"{'kind': 'word', 'word': 'deux'}",False,113
1376,1376,volcans,482.2999999999998,0.3,"{'kind': 'word', 'word': 'volcans'}",False,113
1377,1377,en,482.6499999999998,0.3,"{'kind': 'word', 'word': 'en'}",False,113
1378,1378,activité,482.99999999999983,0.3,"{'kind': 'word', 'word': 'activité'}",False,113
1379,1379,Et,483.3499999999998,0.3,"{'kind': 'word', 'word': 'Et'}",True,114
1380,1380,cétait,483.6999999999998,0.3,"{'kind': 'word', 'word': 'cétait'}",False,114
1381,1381,bien,484.0499999999998,0.3,"{'kind': 'word', 'word': 'bien'}",False,114
1382,1382,commode,484.3999999999998,0.3,"{'kind': 'word', 'word': 'commode'}",False,114
1383,1383,pour,484.74999999999983,0.3,"{'kind': 'word', 'word': 'pour'}",False,114
1384,1384,faire,485.0999999999998,0.3,"{'kind': 'word', 'word': 'faire'}",False,114
1385,1385,chauffer,485.4499999999998,0.3,"{'kind': 'word', 'word': 'chauffer'}",False,114
1386,1386,le,485.7999999999998,0.3,"{'kind': 'word', 'word': 'le'}",False,114
1387,1387,petit,486.1499999999998,0.3,"{'kind': 'word', 'word': 'petit'}",False,114
1388,1388,déjeuner,486.49999999999983,0.3,"{'kind': 'word', 'word': 'déjeuner'}",False,114
1389,1389,du,486.8499999999998,0.3,"{'kind': 'word', 'word': 'du'}",False,114
1390,1390,matin,487.1999999999998,0.3,"{'kind': 'word', 'word': 'matin'}",False,114
1391,1391,Il,487.5499999999998,0.3,"{'kind': 'word', 'word': 'Il'}",True,115
1392,1392,possédait,487.8999999999998,0.3,"{'kind': 'word', 'word': 'possédait'}",False,115
1393,1393,aussi,488.24999999999983,0.3,"{'kind': 'word', 'word': 'aussi'}",False,115
1394,1394,un,488.5999999999998,0.3,"{'kind': 'word', 'word': 'un'}",False,115
1395,1395,volcan,488.9499999999998,0.3,"{'kind': 'word', 'word': 'volcan'}",False,115
1396,1396,éteint,489.2999999999998,0.3,"{'kind': 'word', 'word': 'éteint'}",False,115
1397,1397,Mais,489.6499999999998,0.3,"{'kind': 'word', 'word': 'Mais'}",True,116
1398,1398,comme,489.99999999999983,0.3,"{'kind': 'word', 'word': 'comme'}",False,116
1399,1399,il,490.3499999999998,0.3,"{'kind': 'word', 'word': 'il'}",False,116
1400,1400,disait,490.6999999999998,0.3,"{'kind': 'word', 'word': 'disait'}",False,116
1401,1401,on,491.0499999999998,0.3,"{'kind': 'word', 'word': 'on'}",False,116
1402,1402,ne,491.3999999999998,0.3,"{'kind': 'word', 'word': 'ne'}",False,116
1403,1403,sait,491.74999999999983,0.3,"{'kind': 'word', 'word': 'sait'}",False,116
1404,1404,jamais,492.0999999999998,0.3,"{'kind': 'word', 'word': 'jamais'}",False,116
1405,1405,Il,492.4499999999998,0.3,"{'kind': 'word', 'word': 'Il'}",True,117
1406,1406,ramona,492.7999999999998,0.3,"{'kind': 'word', 'word': 'ramona'}",False,117
1407,1407,donc,493.1499999999998,0.3,"{'kind': 'word', 'word': 'donc'}",False,117
1408,1408,également,493.49999999999983,0.3,"{'kind': 'word', 'word': 'également'}",False,117
1409,1409,le,493.8499999999998,0.3,"{'kind': 'word', 'word': 'le'}",False,117
1410,1410,volcan,494.1999999999998,0.3,"{'kind': 'word', 'word': 'volcan'}",False,117
1411,1411,éteint,494.5499999999998,0.3,"{'kind': 'word', 'word': 'éteint'}",False,117
1412,1412,Sils,494.8999999999998,0.3,"{'kind': 'word', 'word': 'Sils'}",True,118
1413,1413,sont,495.2499999999998,0.3,"{'kind': 'word', 'word': 'sont'}",False,118
1414,1414,bien,495.5999999999998,0.3,"{'kind': 'word', 'word': 'bien'}",False,118
1415,1415,ramonés,495.9499999999998,0.3,"{'kind': 'word', 'word': 'ramonés'}",False,118
1416,1416,les,496.2999999999998,0.3,"{'kind': 'word', 'word': 'les'}",False,118
1417,1417,volcans,496.6499999999998,0.3,"{'kind': 'word', 'word': 'volcans'}",False,118
1418,1418,brûlent,496.9999999999998,0.3,"{'kind': 'word', 'word': 'brûlent'}",False,118
1419,1419,doucement,497.3499999999998,0.3,"{'kind': 'word', 'word': 'doucement'}",False,118
1420,1420,et,497.6999999999998,0.3,"{'kind': 'word', 'word': 'et'}",False,118
1421,1421,régulièrement,498.0499999999998,0.3,"{'kind': 'word', 'word': 'régulièrement'}",False,118
1422,1422,sans,498.3999999999998,0.3,"{'kind': 'word', 'word': 'sans'}",False,118
1423,1423,éruptions,498.7499999999998,0.3,"{'kind': 'word', 'word': 'éruptions'}",False,118
1424,1424,Les,499.0999999999998,0.3,"{'kind': 'word', 'word': 'Les'}",True,119
1425,1425,éruptions,499.4499999999998,0.3,"{'kind': 'word', 'word': 'éruptions'}",False,119
1426,1426,volcaniques,499.7999999999998,0.3,"{'kind': 'word', 'word': 'volcaniques'}",False,119
1427,1427,sont,500.1499999999998,0.3,"{'kind': 'word', 'word': 'sont'}",False,119
1428,1428,comme,500.4999999999998,0.3,"{'kind': 'word', 'word': 'comme'}",False,119
1429,1429,des,500.8499999999998,0.3,"{'kind': 'word', 'word': 'des'}",False,119
1430,1430,feux,501.1999999999998,0.3,"{'kind': 'word', 'word': 'feux'}",False,119
1431,1431,de,501.5499999999998,0.3,"{'kind': 'word', 'word': 'de'}",False,119
1432,1432,cheminée,501.8999999999998,0.3,"{'kind': 'word', 'word': 'cheminée'}",False,119
1433,1433,Évidemment,502.2499999999998,0.3,"{'kind': 'word', 'word': 'Évidemment'}",True,120
1434,1434,sur,502.5999999999998,0.3,"{'kind': 'word', 'word': 'sur'}",False,120
1435,1435,notre,502.9499999999998,0.3,"{'kind': 'word', 'word': 'notre'}",False,120
1436,1436,terre,503.2999999999998,0.3,"{'kind': 'word', 'word': 'terre'}",False,120
1437,1437,nous,503.6499999999998,0.3,"{'kind': 'word', 'word': 'nous'}",False,120
1438,1438,sommes,503.9999999999998,0.3,"{'kind': 'word', 'word': 'sommes'}",False,120
1439,1439,beaucoup,504.3499999999998,0.3,"{'kind': 'word', 'word': 'beaucoup'}",False,120
1440,1440,trop,504.6999999999998,0.3,"{'kind': 'word', 'word': 'trop'}",False,120
1441,1441,petits,505.0499999999998,0.3,"{'kind': 'word', 'word': 'petits'}",False,120
1442,1442,pour,505.3999999999998,0.3,"{'kind': 'word', 'word': 'pour'}",False,120
1443,1443,ramoner,505.7499999999998,0.3,"{'kind': 'word', 'word': 'ramoner'}",False,120
1444,1444,nos,506.0999999999998,0.3,"{'kind': 'word', 'word': 'nos'}",False,120
1445,1445,volcans,506.4499999999998,0.3,"{'kind': 'word', 'word': 'volcans'}",False,120
1446,1446,Cest,506.7999999999998,0.3,"{'kind': 'word', 'word': 'Cest'}",True,121
1447,1447,pourquoi,507.1499999999998,0.3,"{'kind': 'word', 'word': 'pourquoi'}",False,121
1448,1448,ils,507.4999999999998,0.3,"{'kind': 'word', 'word': 'ils'}",False,121
1449,1449,nous,507.8499999999998,0.3,"{'kind': 'word', 'word': 'nous'}",False,121
1450,1450,causent,508.1999999999998,0.3,"{'kind': 'word', 'word': 'causent'}",False,121
1451,1451,des,508.5499999999998,0.3,"{'kind': 'word', 'word': 'des'}",False,121
1452,1452,tas,508.8999999999998,0.3,"{'kind': 'word', 'word': 'tas'}",False,121
1453,1453,dennuis,509.2499999999998,0.3,"{'kind': 'word', 'word': 'dennuis'}",False,121
1454,1454,Le,509.5999999999998,0.3,"{'kind': 'word', 'word': 'Le'}",True,122
1455,1455,petit,509.9499999999998,0.3,"{'kind': 'word', 'word': 'petit'}",False,122
1456,1456,prince,510.2999999999998,0.3,"{'kind': 'word', 'word': 'prince'}",False,122
1457,1457,arracha,510.6499999999998,0.3,"{'kind': 'word', 'word': 'arracha'}",False,122
1458,1458,aussi,510.9999999999998,0.3,"{'kind': 'word', 'word': 'aussi'}",False,122
1459,1459,avec,511.3499999999998,0.3,"{'kind': 'word', 'word': 'avec'}",False,122
1460,1460,un,511.6999999999998,0.3,"{'kind': 'word', 'word': 'un'}",False,122
1461,1461,peu,512.0499999999998,0.3,"{'kind': 'word', 'word': 'peu'}",False,122
1462,1462,de,512.3999999999999,0.3,"{'kind': 'word', 'word': 'de'}",False,122
1463,1463,mélancolie,512.7499999999999,0.3,"{'kind': 'word', 'word': 'mélancolie'}",False,122
1464,1464,les,513.0999999999998,0.3,"{'kind': 'word', 'word': 'les'}",False,122
1465,1465,dernières,513.4499999999998,0.3,"{'kind': 'word', 'word': 'dernières'}",False,122
1466,1466,pousses,513.7999999999998,0.3,"{'kind': 'word', 'word': 'pousses'}",False,122
1467,1467,de,514.1499999999999,0.3,"{'kind': 'word', 'word': 'de'}",False,122
1468,1468,baobabs,514.4999999999999,0.3,"{'kind': 'word', 'word': 'baobabs'}",False,122
1469,1469,Il,514.8499999999998,0.3,"{'kind': 'word', 'word': 'Il'}",True,123
1470,1470,croyait,515.1999999999998,0.3,"{'kind': 'word', 'word': 'croyait'}",False,123
1471,1471,ne,515.5499999999998,0.3,"{'kind': 'word', 'word': 'ne'}",False,123
1472,1472,jamais,515.8999999999999,0.3,"{'kind': 'word', 'word': 'jamais'}",False,123
1473,1473,devoir,516.2499999999999,0.3,"{'kind': 'word', 'word': 'devoir'}",False,123
1474,1474,revenir,516.5999999999998,0.3,"{'kind': 'word', 'word': 'revenir'}",False,123
1475,1475,Mais,516.9499999999998,0.3,"{'kind': 'word', 'word': 'Mais'}",True,124
1476,1476,tous,517.2999999999998,0.3,"{'kind': 'word', 'word': 'tous'}",False,124
1477,1477,ces,517.6499999999999,0.3,"{'kind': 'word', 'word': 'ces'}",False,124
1478,1478,travaux,517.9999999999999,0.3,"{'kind': 'word', 'word': 'travaux'}",False,124
1479,1479,familiers,518.3499999999998,0.3,"{'kind': 'word', 'word': 'familiers'}",False,124
1480,1480,lui,518.6999999999998,0.3,"{'kind': 'word', 'word': 'lui'}",False,124
1481,1481,parurent,519.0499999999998,0.3,"{'kind': 'word', 'word': 'parurent'}",False,124
1482,1482,ce,519.3999999999999,0.3,"{'kind': 'word', 'word': 'ce'}",False,124
1483,1483,matinlà,519.7499999999999,0.3,"{'kind': 'word', 'word': 'matinlà'}",False,124
1484,1484,extrêmement,520.0999999999998,0.3,"{'kind': 'word', 'word': 'extrêmement'}",False,124
1485,1485,doux,520.4499999999998,0.3,"{'kind': 'word', 'word': 'doux'}",False,124
1486,1486,Et,520.7999999999998,0.3,"{'kind': 'word', 'word': 'Et'}",True,125
1487,1487,quand,521.1499999999999,0.3,"{'kind': 'word', 'word': 'quand'}",False,125
1488,1488,il,521.4999999999999,0.3,"{'kind': 'word', 'word': 'il'}",False,125
1489,1489,arrosa,521.8499999999998,0.3,"{'kind': 'word', 'word': 'arrosa'}",False,125
1490,1490,une,522.1999999999998,0.3,"{'kind': 'word', 'word': 'une'}",False,125
1491,1491,dernière,522.5499999999998,0.3,"{'kind': 'word', 'word': 'dernière'}",False,125
1492,1492,fois,522.8999999999999,0.3,"{'kind': 'word', 'word': 'fois'}",False,125
1493,1493,la,523.2499999999999,0.3,"{'kind': 'word', 'word': 'la'}",False,125
1494,1494,fleur,523.5999999999998,0.3,"{'kind': 'word', 'word': 'fleur'}",False,125
1495,1495,et,523.9499999999998,0.3,"{'kind': 'word', 'word': 'et'}",False,125
1496,1496,se,524.2999999999998,0.3,"{'kind': 'word', 'word': 'se'}",False,125
1497,1497,prépara,524.6499999999999,0.3,"{'kind': 'word', 'word': 'prépara'}",False,125
1498,1498,à,524.9999999999999,0.3,"{'kind': 'word', 'word': 'à'}",False,125
1499,1499,la,525.3499999999998,0.3,"{'kind': 'word', 'word': 'la'}",False,125
1500,1500,mettre,525.6999999999998,0.3,"{'kind': 'word', 'word': 'mettre'}",False,125
1501,1501,à,526.0499999999998,0.3,"{'kind': 'word', 'word': 'à'}",False,125
1502,1502,labri,526.3999999999999,0.3,"{'kind': 'word', 'word': 'labri'}",False,125
1503,1503,sous,526.7499999999999,0.3,"{'kind': 'word', 'word': 'sous'}",False,125
1504,1504,son,527.0999999999998,0.3,"{'kind': 'word', 'word': 'son'}",False,125
1505,1505,globe,527.4499999999998,0.3,"{'kind': 'word', 'word': 'globe'}",False,125
1506,1506,il,527.7999999999998,0.3,"{'kind': 'word', 'word': 'il'}",False,125
1507,1507,se,528.1499999999999,0.3,"{'kind': 'word', 'word': 'se'}",False,125
1508,1508,découvrit,528.4999999999999,0.3,"{'kind': 'word', 'word': 'découvrit'}",False,125
1509,1509,lenvie,528.8499999999998,0.3,"{'kind': 'word', 'word': 'lenvie'}",False,125
1510,1510,de,529.1999999999998,0.3,"{'kind': 'word', 'word': 'de'}",False,125
1511,1511,pleurer,529.5499999999998,0.3,"{'kind': 'word', 'word': 'pleurer'}",False,125
1512,1512,adieu,529.8999999999999,0.3,"{'kind': 'word', 'word': 'adieu'}",False,125
1513,1513,ditil,530.2499999999999,0.3,"{'kind': 'word', 'word': 'ditil'}",False,125
1514,1514,à,530.5999999999998,0.3,"{'kind': 'word', 'word': 'à'}",False,125
1515,1515,la,530.9499999999998,0.3,"{'kind': 'word', 'word': 'la'}",False,125
1516,1516,fleur,531.2999999999998,0.3,"{'kind': 'word', 'word': 'fleur'}",False,125
1517,1517,Mais,531.6499999999999,0.3,"{'kind': 'word', 'word': 'Mais'}",True,126
1518,1518,elle,531.9999999999999,0.3,"{'kind': 'word', 'word': 'elle'}",False,126
1519,1519,ne,532.3499999999998,0.3,"{'kind': 'word', 'word': 'ne'}",False,126
1520,1520,lui,532.6999999999998,0.3,"{'kind': 'word', 'word': 'lui'}",False,126
1521,1521,répondit,533.0499999999998,0.3,"{'kind': 'word', 'word': 'répondit'}",False,126
1522,1522,pas,533.3999999999999,0.3,"{'kind': 'word', 'word': 'pas'}",False,126
1523,1523,adieu,533.7499999999999,0.3,"{'kind': 'word', 'word': 'adieu'}",False,126
1524,1524,répétatil,534.0999999999998,0.3,"{'kind': 'word', 'word': 'répétatil'}",False,126
1525,1525,La,534.4499999999998,0.3,"{'kind': 'word', 'word': 'La'}",True,127
1526,1526,fleur,534.7999999999998,0.3,"{'kind': 'word', 'word': 'fleur'}",False,127
1527,1527,toussa,535.1499999999999,0.3,"{'kind': 'word', 'word': 'toussa'}",False,127
1528,1528,Mais,535.4999999999999,0.3,"{'kind': 'word', 'word': 'Mais'}",True,128
1529,1529,ce,535.8499999999998,0.3,"{'kind': 'word', 'word': 'ce'}",False,128
1530,1530,nétait,536.1999999999998,0.3,"{'kind': 'word', 'word': 'nétait'}",False,128
1531,1531,pas,536.5499999999998,0.3,"{'kind': 'word', 'word': 'pas'}",False,128
1532,1532,à,536.8999999999999,0.3,"{'kind': 'word', 'word': 'à'}",False,128
1533,1533,cause,537.2499999999999,0.3,"{'kind': 'word', 'word': 'cause'}",False,128
1534,1534,de,537.5999999999998,0.3,"{'kind': 'word', 'word': 'de'}",False,128
1535,1535,son,537.9499999999998,0.3,"{'kind': 'word', 'word': 'son'}",False,128
1536,1536,rhume,538.2999999999998,0.3,"{'kind': 'word', 'word': 'rhume'}",False,128
1537,1537,jai,538.6499999999999,0.3,"{'kind': 'word', 'word': 'jai'}",False,128
1538,1538,été,538.9999999999999,0.3,"{'kind': 'word', 'word': 'été'}",False,128
1539,1539,sotte,539.3499999999998,0.3,"{'kind': 'word', 'word': 'sotte'}",False,128
1540,1540,lui,539.6999999999998,0.3,"{'kind': 'word', 'word': 'lui'}",False,128
1541,1541,ditelle,540.0499999999998,0.3,"{'kind': 'word', 'word': 'ditelle'}",False,128
1542,1542,enfin,540.3999999999999,0.3,"{'kind': 'word', 'word': 'enfin'}",False,128
1543,1543,Je,540.7499999999999,0.3,"{'kind': 'word', 'word': 'Je'}",True,129
1544,1544,te,541.0999999999998,0.3,"{'kind': 'word', 'word': 'te'}",False,129
1545,1545,demande,541.4499999999998,0.3,"{'kind': 'word', 'word': 'demande'}",False,129
1546,1546,pardon,541.7999999999998,0.3,"{'kind': 'word', 'word': 'pardon'}",False,129
1547,1547,Tâche,542.1499999999999,0.3,"{'kind': 'word', 'word': 'Tâche'}",True,130
1548,1548,dêtre,542.4999999999999,0.3,"{'kind': 'word', 'word': 'dêtre'}",False,130
1549,1549,heureux,542.8499999999998,0.3,"{'kind': 'word', 'word': 'heureux'}",False,130
1550,1550,Il,543.1999999999998,0.3,"{'kind': 'word', 'word': 'Il'}",True,131
1551,1551,fut,543.5499999999998,0.3,"{'kind': 'word', 'word': 'fut'}",False,131
1552,1552,surpris,543.8999999999999,0.3,"{'kind': 'word', 'word': 'surpris'}",False,131
1553,1553,par,544.2499999999999,0.3,"{'kind': 'word', 'word': 'par'}",False,131
1554,1554,labsence,544.5999999999998,0.3,"{'kind': 'word', 'word': 'labsence'}",False,131
1555,1555,de,544.9499999999998,0.3,"{'kind': 'word', 'word': 'de'}",False,131
1556,1556,reproches,545.2999999999998,0.3,"{'kind': 'word', 'word': 'reproches'}",False,131
1557,1557,Il,545.6499999999999,0.3,"{'kind': 'word', 'word': 'Il'}",True,132
1558,1558,restait,545.9999999999999,0.3,"{'kind': 'word', 'word': 'restait'}",False,132
1559,1559,là,546.3499999999998,0.3,"{'kind': 'word', 'word': 'là'}",False,132
1560,1560,tout,546.6999999999998,0.3,"{'kind': 'word', 'word': 'tout'}",False,132
1561,1561,déconcerté,547.0499999999998,0.3,"{'kind': 'word', 'word': 'déconcerté'}",False,132
1562,1562,le,547.3999999999999,0.3,"{'kind': 'word', 'word': 'le'}",False,132
1563,1563,globe,547.7499999999999,0.3,"{'kind': 'word', 'word': 'globe'}",False,132
1564,1564,en,548.0999999999998,0.3,"{'kind': 'word', 'word': 'en'}",False,132
1565,1565,lair,548.4499999999998,0.3,"{'kind': 'word', 'word': 'lair'}",False,132
1566,1566,Il,548.7999999999998,0.3,"{'kind': 'word', 'word': 'Il'}",True,133
1567,1567,ne,549.1499999999999,0.3,"{'kind': 'word', 'word': 'ne'}",False,133
1568,1568,comprenait,549.4999999999999,0.3,"{'kind': 'word', 'word': 'comprenait'}",False,133
1569,1569,pas,549.8499999999998,0.3,"{'kind': 'word', 'word': 'pas'}",False,133
1570,1570,cette,550.1999999999998,0.3,"{'kind': 'word', 'word': 'cette'}",False,133
1571,1571,douceur,550.5499999999998,0.3,"{'kind': 'word', 'word': 'douceur'}",False,133
1572,1572,calme,550.8999999999999,0.3,"{'kind': 'word', 'word': 'calme'}",False,133
1573,1573,mais,551.2499999999999,0.3,"{'kind': 'word', 'word': 'mais'}",False,133
1574,1574,oui,551.5999999999998,0.3,"{'kind': 'word', 'word': 'oui'}",False,133
1575,1575,je,551.9499999999998,0.3,"{'kind': 'word', 'word': 'je'}",False,133
1576,1576,taime,552.2999999999998,0.3,"{'kind': 'word', 'word': 'taime'}",False,133
1577,1577,lui,552.6499999999999,0.3,"{'kind': 'word', 'word': 'lui'}",False,133
1578,1578,dit,552.9999999999999,0.3,"{'kind': 'word', 'word': 'dit'}",False,133
1579,1579,la,553.3499999999998,0.3,"{'kind': 'word', 'word': 'la'}",False,133
1580,1580,fleur,553.6999999999998,0.3,"{'kind': 'word', 'word': 'fleur'}",False,133
1581,1581,Tu,554.0499999999998,0.3,"{'kind': 'word', 'word': 'Tu'}",True,134
1582,1582,nen,554.3999999999999,0.3,"{'kind': 'word', 'word': 'nen'}",False,134
1583,1583,as,554.7499999999999,0.3,"{'kind': 'word', 'word': 'as'}",False,134
1584,1584,rien,555.0999999999998,0.3,"{'kind': 'word', 'word': 'rien'}",False,134
1585,1585,su,555.4499999999998,0.3,"{'kind': 'word', 'word': 'su'}",False,134
1586,1586,par,555.7999999999998,0.3,"{'kind': 'word', 'word': 'par'}",False,134
1587,1587,ma,556.1499999999999,0.3,"{'kind': 'word', 'word': 'ma'}",False,134
1588,1588,faute,556.4999999999999,0.3,"{'kind': 'word', 'word': 'faute'}",False,134
1589,1589,Cela,556.8499999999998,0.3,"{'kind': 'word', 'word': 'Cela'}",True,135
1590,1590,na,557.1999999999998,0.3,"{'kind': 'word', 'word': 'na'}",False,135
1591,1591,aucune,557.5499999999998,0.3,"{'kind': 'word', 'word': 'aucune'}",False,135
1592,1592,importance,557.8999999999999,0.3,"{'kind': 'word', 'word': 'importance'}",False,135
1593,1593,Mais,558.2499999999999,0.3,"{'kind': 'word', 'word': 'Mais'}",True,136
1594,1594,tu,558.5999999999998,0.3,"{'kind': 'word', 'word': 'tu'}",False,136
1595,1595,as,558.9499999999998,0.3,"{'kind': 'word', 'word': 'as'}",False,136
1596,1596,été,559.2999999999998,0.3,"{'kind': 'word', 'word': 'été'}",False,136
1597,1597,aussi,559.6499999999999,0.3,"{'kind': 'word', 'word': 'aussi'}",False,136
1598,1598,sot,559.9999999999999,0.3,"{'kind': 'word', 'word': 'sot'}",False,136
1599,1599,que,560.3499999999998,0.3,"{'kind': 'word', 'word': 'que'}",False,136
1600,1600,moi,560.6999999999998,0.3,"{'kind': 'word', 'word': 'moi'}",False,136
1601,1601,Tâche,561.0499999999998,0.3,"{'kind': 'word', 'word': 'Tâche'}",True,137
1602,1602,dêtre,561.3999999999999,0.3,"{'kind': 'word', 'word': 'dêtre'}",False,137
1603,1603,heureux,561.7499999999999,0.3,"{'kind': 'word', 'word': 'heureux'}",False,137
1604,1604,Laisse,562.0999999999998,0.3,"{'kind': 'word', 'word': 'Laisse'}",True,138
1605,1605,ce,562.4499999999998,0.3,"{'kind': 'word', 'word': 'ce'}",False,138
1606,1606,globe,562.7999999999998,0.3,"{'kind': 'word', 'word': 'globe'}",False,138
1607,1607,tranquille,563.1499999999999,0.3,"{'kind': 'word', 'word': 'tranquille'}",False,138
1608,1608,Je,563.4999999999999,0.3,"{'kind': 'word', 'word': 'Je'}",True,139
1609,1609,nen,563.8499999999998,0.3,"{'kind': 'word', 'word': 'nen'}",False,139
1610,1610,veux,564.1999999999998,0.3,"{'kind': 'word', 'word': 'veux'}",False,139
1611,1611,plus,564.5499999999998,0.3,"{'kind': 'word', 'word': 'plus'}",False,139
1612,1612,mais,564.8999999999999,0.3,"{'kind': 'word', 'word': 'mais'}",False,139
1613,1613,le,565.2499999999999,0.3,"{'kind': 'word', 'word': 'le'}",False,139
1614,1614,vent,565.5999999999998,0.3,"{'kind': 'word', 'word': 'vent'}",False,139
1615,1615,je,565.9499999999998,0.3,"{'kind': 'word', 'word': 'je'}",False,139
1616,1616,ne,566.2999999999998,0.3,"{'kind': 'word', 'word': 'ne'}",False,139
1617,1617,suis,566.6499999999999,0.3,"{'kind': 'word', 'word': 'suis'}",False,139
1618,1618,pas,566.9999999999999,0.3,"{'kind': 'word', 'word': 'pas'}",False,139
1619,1619,si,567.3499999999998,0.3,"{'kind': 'word', 'word': 'si'}",False,139
1620,1620,enrhumée,567.6999999999998,0.3,"{'kind': 'word', 'word': 'enrhumée'}",False,139
1621,1621,que,568.0499999999998,0.3,"{'kind': 'word', 'word': 'que'}",False,139
1622,1622,ça,568.3999999999999,0.3,"{'kind': 'word', 'word': 'ça'}",False,139
1623,1623,Lair,568.7499999999998,0.3,"{'kind': 'word', 'word': 'Lair'}",True,140
1624,1624,frais,569.0999999999998,0.3,"{'kind': 'word', 'word': 'frais'}",False,140
1625,1625,de,569.4499999999998,0.3,"{'kind': 'word', 'word': 'de'}",False,140
1626,1626,la,569.7999999999998,0.3,"{'kind': 'word', 'word': 'la'}",False,140
1627,1627,nuit,570.1499999999999,0.3,"{'kind': 'word', 'word': 'nuit'}",False,140
1628,1628,me,570.4999999999998,0.3,"{'kind': 'word', 'word': 'me'}",False,140
1629,1629,fera,570.8499999999998,0.3,"{'kind': 'word', 'word': 'fera'}",False,140
1630,1630,du,571.1999999999998,0.3,"{'kind': 'word', 'word': 'du'}",False,140
1631,1631,bien,571.5499999999998,0.3,"{'kind': 'word', 'word': 'bien'}",False,140
1632,1632,Je,571.8999999999999,0.3,"{'kind': 'word', 'word': 'Je'}",True,141
1633,1633,suis,572.2499999999998,0.3,"{'kind': 'word', 'word': 'suis'}",False,141
1634,1634,une,572.5999999999998,0.3,"{'kind': 'word', 'word': 'une'}",False,141
1635,1635,fleur,572.9499999999998,0.3,"{'kind': 'word', 'word': 'fleur'}",False,141
1636,1636,mais,573.2999999999998,0.3,"{'kind': 'word', 'word': 'mais'}",False,141
1637,1637,les,573.6499999999999,0.3,"{'kind': 'word', 'word': 'les'}",False,141
1638,1638,bêtes,573.9999999999998,0.3,"{'kind': 'word', 'word': 'bêtes'}",False,141
1639,1639,il,574.3499999999998,0.3,"{'kind': 'word', 'word': 'il'}",False,141
1640,1640,faut,574.6999999999998,0.3,"{'kind': 'word', 'word': 'faut'}",False,141
1641,1641,bien,575.0499999999998,0.3,"{'kind': 'word', 'word': 'bien'}",False,141
1642,1642,que,575.3999999999999,0.3,"{'kind': 'word', 'word': 'que'}",False,141
1643,1643,je,575.7499999999998,0.3,"{'kind': 'word', 'word': 'je'}",False,141
1644,1644,supporte,576.0999999999998,0.3,"{'kind': 'word', 'word': 'supporte'}",False,141
1645,1645,deux,576.4499999999998,0.3,"{'kind': 'word', 'word': 'deux'}",False,141
1646,1646,ou,576.7999999999998,0.3,"{'kind': 'word', 'word': 'ou'}",False,141
1647,1647,trois,577.1499999999999,0.3,"{'kind': 'word', 'word': 'trois'}",False,141
1648,1648,chenilles,577.4999999999998,0.3,"{'kind': 'word', 'word': 'chenilles'}",False,141
1649,1649,si,577.8499999999998,0.3,"{'kind': 'word', 'word': 'si'}",False,141
1650,1650,je,578.1999999999998,0.3,"{'kind': 'word', 'word': 'je'}",False,141
1651,1651,veux,578.5499999999998,0.3,"{'kind': 'word', 'word': 'veux'}",False,141
1652,1652,connaître,578.8999999999999,0.3,"{'kind': 'word', 'word': 'connaître'}",False,141
1653,1653,les,579.2499999999998,0.3,"{'kind': 'word', 'word': 'les'}",False,141
1654,1654,papillons,579.5999999999998,0.3,"{'kind': 'word', 'word': 'papillons'}",False,141
1655,1655,Il,579.9499999999998,0.3,"{'kind': 'word', 'word': 'Il'}",True,142
1656,1656,paraît,580.2999999999998,0.3,"{'kind': 'word', 'word': 'paraît'}",False,142
1657,1657,que,580.6499999999999,0.3,"{'kind': 'word', 'word': 'que'}",False,142
1658,1658,cest,580.9999999999998,0.3,"{'kind': 'word', 'word': 'cest'}",False,142
1659,1659,tellement,581.3499999999998,0.3,"{'kind': 'word', 'word': 'tellement'}",False,142
1660,1660,beau,581.6999999999998,0.3,"{'kind': 'word', 'word': 'beau'}",False,142
1661,1661,Sinon,582.0499999999998,0.3,"{'kind': 'word', 'word': 'Sinon'}",True,143
1662,1662,qui,582.3999999999999,0.3,"{'kind': 'word', 'word': 'qui'}",False,143
1663,1663,me,582.7499999999998,0.3,"{'kind': 'word', 'word': 'me'}",False,143
1664,1664,rendra,583.0999999999998,0.3,"{'kind': 'word', 'word': 'rendra'}",False,143
1665,1665,visite,583.4499999999998,0.3,"{'kind': 'word', 'word': 'visite'}",False,143
1666,1666,Tu,583.7999999999998,0.3,"{'kind': 'word', 'word': 'Tu'}",True,144
1667,1667,seras,584.1499999999999,0.3,"{'kind': 'word', 'word': 'seras'}",False,144
1668,1668,loin,584.4999999999998,0.3,"{'kind': 'word', 'word': 'loin'}",False,144
1669,1669,toi,584.8499999999998,0.3,"{'kind': 'word', 'word': 'toi'}",False,144
1670,1670,Quant,585.1999999999998,0.3,"{'kind': 'word', 'word': 'Quant'}",True,145
1671,1671,aux,585.5499999999998,0.3,"{'kind': 'word', 'word': 'aux'}",False,145
1672,1672,grosses,585.8999999999999,0.3,"{'kind': 'word', 'word': 'grosses'}",False,145
1673,1673,bêtes,586.2499999999998,0.3,"{'kind': 'word', 'word': 'bêtes'}",False,145
1674,1674,je,586.5999999999998,0.3,"{'kind': 'word', 'word': 'je'}",False,145
1675,1675,ne,586.9499999999998,0.3,"{'kind': 'word', 'word': 'ne'}",False,145
1676,1676,crains,587.2999999999998,0.3,"{'kind': 'word', 'word': 'crains'}",False,145
1677,1677,rien,587.6499999999999,0.3,"{'kind': 'word', 'word': 'rien'}",False,145
1678,1678,Jai,587.9999999999998,0.3,"{'kind': 'word', 'word': 'Jai'}",True,146
1679,1679,mes,588.3499999999998,0.3,"{'kind': 'word', 'word': 'mes'}",False,146
1680,1680,griffes,588.6999999999998,0.3,"{'kind': 'word', 'word': 'griffes'}",False,146
1681,1681,Et,589.0499999999998,0.3,"{'kind': 'word', 'word': 'Et'}",True,147
1682,1682,elle,589.3999999999999,0.3,"{'kind': 'word', 'word': 'elle'}",False,147
1683,1683,montrait,589.7499999999998,0.3,"{'kind': 'word', 'word': 'montrait'}",False,147
1684,1684,naïvement,590.0999999999998,0.3,"{'kind': 'word', 'word': 'naïvement'}",False,147
1685,1685,ses,590.4499999999998,0.3,"{'kind': 'word', 'word': 'ses'}",False,147
1686,1686,quatre,590.7999999999998,0.3,"{'kind': 'word', 'word': 'quatre'}",False,147
1687,1687,épines,591.1499999999999,0.3,"{'kind': 'word', 'word': 'épines'}",False,147
1688,1688,Puis,591.4999999999998,0.3,"{'kind': 'word', 'word': 'Puis'}",True,148
1689,1689,elle,591.8499999999998,0.3,"{'kind': 'word', 'word': 'elle'}",False,148
1690,1690,ajouta,592.1999999999998,0.3,"{'kind': 'word', 'word': 'ajouta'}",False,148
1691,1691,ne,592.5499999999998,0.3,"{'kind': 'word', 'word': 'ne'}",False,148
1692,1692,traîne,592.8999999999999,0.3,"{'kind': 'word', 'word': 'traîne'}",False,148
1693,1693,pas,593.2499999999998,0.3,"{'kind': 'word', 'word': 'pas'}",False,148
1694,1694,comme,593.5999999999998,0.3,"{'kind': 'word', 'word': 'comme'}",False,148
1695,1695,ça,593.9499999999998,0.3,"{'kind': 'word', 'word': 'ça'}",False,148
1696,1696,cest,594.2999999999998,0.3,"{'kind': 'word', 'word': 'cest'}",False,148
1697,1697,agaçant,594.6499999999999,0.3,"{'kind': 'word', 'word': 'agaçant'}",False,148
1698,1698,Tu,594.9999999999998,0.3,"{'kind': 'word', 'word': 'Tu'}",True,149
1699,1699,as,595.3499999999998,0.3,"{'kind': 'word', 'word': 'as'}",False,149
1700,1700,décidé,595.6999999999998,0.3,"{'kind': 'word', 'word': 'décidé'}",False,149
1701,1701,de,596.0499999999998,0.3,"{'kind': 'word', 'word': 'de'}",False,149
1702,1702,partir,596.3999999999999,0.3,"{'kind': 'word', 'word': 'partir'}",False,149
1703,1703,Vaten,596.7499999999998,0.3,"{'kind': 'word', 'word': 'Vaten'}",True,150
1704,1704,Car,597.0999999999998,0.3,"{'kind': 'word', 'word': 'Car'}",True,151
1705,1705,elle,597.4499999999998,0.3,"{'kind': 'word', 'word': 'elle'}",False,151
1706,1706,ne,597.7999999999998,0.3,"{'kind': 'word', 'word': 'ne'}",False,151
1707,1707,voulait,598.1499999999999,0.3,"{'kind': 'word', 'word': 'voulait'}",False,151
1708,1708,pas,598.4999999999998,0.3,"{'kind': 'word', 'word': 'pas'}",False,151
1709,1709,quil,598.8499999999998,0.3,"{'kind': 'word', 'word': 'quil'}",False,151
1710,1710,la,599.1999999999998,0.3,"{'kind': 'word', 'word': 'la'}",False,151
1711,1711,vît,599.5499999999998,0.3,"{'kind': 'word', 'word': 'vît'}",False,151
1712,1712,pleurer,599.8999999999999,0.3,"{'kind': 'word', 'word': 'pleurer'}",False,151
1713,1713,Cétait,600.2499999999998,0.3,"{'kind': 'word', 'word': 'Cétait'}",True,152
1714,1714,une,600.5999999999998,0.3,"{'kind': 'word', 'word': 'une'}",False,152
1715,1715,fleur,600.9499999999998,0.3,"{'kind': 'word', 'word': 'fleur'}",False,152
1716,1716,tellement,601.2999999999998,0.3,"{'kind': 'word', 'word': 'tellement'}",False,152
1717,1717,orgueilleuse,601.6499999999999,0.3,"{'kind': 'word', 'word': 'orgueilleuse'}",False,152
